287 1717 4294 5708 2.622314214706421
0 1431 4294 5708 2.5781071186065674
0 1717 4294 5994 2.571383476257324
287 2576 4294 6567 2.563052177429199
0 2290 4294 6567 2.52734375
0 2576 4294 6853 2.5170886516571045
287 2290 4294 6280 2.5164332389831543
575 1145 4294 4849 2.5139882564544678
575 2290 4294 5994 2.483755588531494
287 3435 4294 7425 2.482996940612793
575 2576 4294 6280 2.482935905456543
287 1145 4294 5135 2.476004123687744
575 1431 4294 5135 2.4582431316375732
287 2004 4294 5994 2.455862283706665
575 2004 4294 5708 2.4514012336730957
575 3149 4294 6853 2.4435653686523438
287 3149 4294 7139 2.441909074783325
575 3435 4294 7139 2.441265344619751
287 2863 4294 6853 2.435582160949707
287 1431 4294 5421 2.433666229248047
0 2004 4294 6280 2.432706594467163
575 1717 4294 5421 2.4292643070220947
575 2863 4294 6567 2.4119091033935547
0 1717 4007 5708 2.4116642475128174
287 858 4294 4849 2.4021966457366943
862 2576 4294 5994 2.3854153156280518
0 3435 4294 7712 2.3846545219421387
575 3721 4294 7425 2.380805492401123
862 3435 4294 6853 2.3766539096832275
0 3149 4294 7425 2.3764262199401855
0 2863 4294 7139 2.3740081787109375
0 1145 4294 5421 2.373072862625122
862 3149 4294 6567 2.3723933696746826
575 4008 4294 7712 2.372008800506592
862 2290 4294 5708 2.367794990539551
862 1717 4294 5135 2.3545844554901123
575 4294 4294 7998 2.34908390045166
862 1431 4294 4849 2.3443832397460938
287 3721 4294 7712 2.3409852981567383
0 2576 4007 6567 2.3401167392730713
287 3435 4007 7139 2.3334803581237793
0 858 4294 5135 2.32419753074646
575 3435 4007 6853 2.3192338943481445
287 2576 4007 6280 2.3139939308166504
575 858 4294 4562 2.313704252243042
287 2290 4007 5994 2.311422109603882
862 4294 4294 7712 2.3099353313446045
287 4008 4294 7998 2.3022782802581787
862 3435 4007 6567 2.3016107082366943
287 3149 4007 6853 2.297138214111328
287 2004 4007 5708 2.292951822280884
575 4294 4007 7712 2.286550521850586
862 4008 4294 7425 2.2813212871551514
575 3149 4007 6567 2.2797107696533203
575 4580 4294 8284 2.2769389152526855
575 4580 4007 7998 2.274925947189331
0 572 4294 4849 2.267408847808838
575 2576 4007 5994 2.265516996383667
287 1145 4007 4849 2.2637596130371094
862 2863 4294 6280 2.258082151412964
862 4580 4294 7998 2.2566184997558594
287 2863 4007 6567 2.25643253326416
287 4294 4294 8284 2.255283832550049
575 4008 4007 7425 2.2527809143066406
575 2290 4007 5708 2.251182794570923
287 1431 4007 5135 2.247377395629883
575 572 4294 4276 2.246025562286377
287 1717 4007 5421 2.2455599308013916
0 2290 4007 6280 2.242485761642456
575 1431 4007 4849 2.2410078048706055
287 572 4294 4562 2.2377421855926514
862 4580 4007 7712 2.2344729900360107
1150 4580 4294 7712 2.231398105621338
0 3435 4007 7425 2.229968786239624
1437 4580 4294 7425 2.22859787940979
287 4008 4007 7712 2.228335380554199
287 3721 4007 7425 2.227820873260498
862 4294 4007 7425 2.2243425846099854
862 2576 4007 5708 2.2167491912841797
575 1717 4007 5135 2.210038423538208
0 2004 4007 5994 2.209174394607544
287 4294 4007 7998 2.2089881896972656
862 3721 4294 7139 2.2082464694976807
0 1145 4007 5135 2.2078051567077637
0 3149 4007 7139 2.2065720558166504
575 3721 4007 7139 2.20505952835083
1150 4294 4294 7425 2.200119972229004
862 3149 4007 6280 2.187441110610962
0 2863 4007 6853 2.1832563877105713
0 1431 4007 5421 2.1827080249786377
0 3721 4294 7998 2.1820356845855713
0 858 4007 4849 2.1812984943389893
1437 4867 4294 7712 2.1775829792022705
287 4580 4007 8284 2.1765284538269043
1150 2576 4294 5708 2.1734509468078613
575 4867 4007 8284 2.1721906661987305
862 2004 4294 5421 2.168548583984375
862 1145 4294 4562 2.1638989448547363
1150 3435 4294 6567 2.1619138717651367
862 4008 4007 7139 2.157498836517334
575 858 4007 4276 2.1464810371398926
575 2863 4007 6280 2.146092414855957
287 286 4294 4276 2.1414108276367188
575 572 4007 3990 2.1384167671203613
575 286 4294 3990 2.136575222015381
1150 4580 4007 7425 2.135160207748413
0 4008 4294 8284 2.1336660385131836
862 3721 4007 6853 2.1291744709014893
575 286 4007 3704 2.123277425765991
575 1145 4007 4562 2.12216854095459
1437 4294 4294 7139 2.116626024246216
862 1717 4007 4849 2.115980625152588
1150 4867 4294 7998 2.1063060760498047
862 2863 4007 5994 2.10589861869812
1437 5153 4294 7998 2.100886821746826
862 4867 4294 8284 2.0958986282348633
0 3721 4007 7712 2.0934598445892334
1150 1717 4294 4849 2.0933585166931152
287 858 4007 4562 2.092176675796509
1150 4008 4294 7139 2.092104434967041
0 4008 4007 7998 2.0916435718536377
862 572 4007 3704 2.0888302326202393
575 572 3719 3704 2.083585739135742
287 572 4007 4276 2.081836462020874
862 858 4294 4276 2.078775405883789
0 4294 4007 8284 2.0704381465911865
862 4867 4007 7998 2.0661277770996094
1150 4294 4007 7139 2.0549418926239014
1150 3149 4294 6280 2.0529003143310547
862 5153 4007 8284 2.0522022247314453
0 286 4294 4562 2.0458858013153076
1150 5439 4007 8284 2.0439348220825195
1150 5153 4007 7998 2.0434489250183105
287 286 4007 3990 2.043381929397583
575 2004 4007 5421 2.042243480682373
1150 4867 4007 7712 2.039484977722168
575 0 4294 3704 2.0379860401153564
862 858 4007 3990 2.036020278930664
862 572 4294 3990 2.0342931747436523
1437 4008 4294 6853 2.0334532260894775
1150 3721 4294 6853 2.031292676925659
287 0 4294 3990 2.027204751968384
0 572 4007 4562 2.0227861404418945
575 858 3719 3990 2.0220947265625
1150 4008 4007 6853 2.021672487258911
1150 858 4007 3704 2.020782232284546
1150 3435 4007 6280 2.0182387828826904
1150 2863 4294 5994 2.0173184871673584
1150 3721 4007 6567 2.012273073196411
1437 858 4294 3704 2.0057601928710938
862 286 4294 3704 2.004657745361328
1437 5439 4294 8284 2.0035033226013184
1150 2290 4294 5421 2.0010178089141846
1150 5153 4294 8284 1.9988656044006348
862 2290 4007 5421 1.9974783658981323
862 1145 4007 4276 1.9974675178527832
287 1431 3719 4849 1.9938182830810547
287 572 3719 3990 1.9874783754348755
575 0 4007 3417 1.9874402284622192
862 1431 4007 4562 1.9858430624008179
575 286 3719 3417 1.9825458526611328
862 286 4007 3417 1.9789756536483765
1150 572 4007 3417 1.9787663221359253
287 286 3719 3704 1.9764223098754883
287 0 4007 3704 1.9754829406738281
1437 3721 4294 6567 1.97380530834198
575 1145 3719 4276 1.9700980186462402
575 5153 3719 8284 1.9691390991210938
1150 572 4294 3704 1.9681848287582397
1150 2004 4294 5135 1.9649062156677246
1150 1431 4294 4562 1.962670922279358
287 858 3719 4276 1.9623525142669678
1150 3149 4007 5994 1.9612494707107544
862 2004 4007 5135 1.9607183933258057
1150 1145 4294 4276 1.9585273265838623
287 1717 3719 5135 1.9581831693649292
575 1717 3719 4849 1.9579271078109741
1437 572 4294 3417 1.9564491510391235
0 286 4007 4276 1.955160140991211
1437 1145 4294 3990 1.9537235498428345
575 858 3432 3704 1.9514719247817993
1150 858 4294 3990 1.9513341188430786
287 1145 3719 4562 1.9505314826965332
0 1145 3719 4849 1.9421330690383911
575 4580 3719 7712 1.9399535655975342
0 0 4294 4276 1.9399323463439941
1150 1145 4007 3990 1.9360915422439575
862 5439 3719 8284 1.933349370956421
862 858 3719 3704 1.9288263320922852
575 4867 3719 7998 1.9264147281646729
1437 3435 4294 6280 1.9183262586593628
1437 2576 4294 5421 1.9174840450286865
1150 286 4007 3131 1.9173511266708374
287 4580 3719 7998 1.9150853157043457
575 1431 3719 4562 1.914729118347168
575 3435 3719 6567 1.9127897024154663
287 2576 3719 5994 1.9127678871154785
1150 2576 4007 5421 1.910085916519165
1150 2863 4007 5708 1.9088271856307983
1437 2290 4294 5135 1.908447027206421
862 572 3719 3417 1.9069780111312866
1437 1431 4294 4276 1.9069628715515137
287 1717 3432 4849 1.9066413640975952
0 1431 3719 5135 1.9049333333969116
575 1145 3432 3990 1.9044731855392456
287 2290 3719 5708 1.9021754264831543
575 2576 3719 5708 1.9019267559051514
287 572 3432 3704 1.8997678756713867
1150 1431 4007 4276 1.897382140159607
575 572 3432 3417 1.897291660308838
287 3149 3719 6567 1.8921221494674683
0 1717 3719 5421 1.8912179470062256
287 2576 3432 5708 1.8889691829681396
862 5153 3719 7998 1.888634204864502
1437 3149 4294 5994 1.8879414796829224
1437 286 4294 3131 1.8863121271133423
1437 2863 4294 5708 1.8855953216552734
575 4294 3719 7425 1.8838127851486206
1150 2290 4007 5135 1.8835599422454834
862 0 4007 3131 1.8823847770690918
287 3435 3719 6853 1.88178288936615
1437 1717 4294 4562 1.8809988498687744
1150 1717 4007 4562 1.8777263164520264
0 0 4007 3990 1.8759396076202393
575 3149 3719 6280 1.875920295715332
287 2576 3144 5421 1.8757076263427734
1150 286 4294 3417 1.872312307357788
287 1145 3432 4276 1.8710271120071411
287 4867 3719 8284 1.8701984882354736
862 0 4294 3417 1.8614468574523926
575 0 3719 3131 1.8581570386886597
0 572 3719 4276 1.8579312562942505
575 2863 3719 5994 1.856164574623108
0 286 3719 3990 1.855650544166565
862 3435 3719 6280 1.854043960571289
862 4580 3719 7425 1.8540000915527344
287 4294 3719 7712 1.8528919219970703
287 858 3432 3990 1.8482853174209595
575 2290 3719 5421 1.8472583293914795
287 2004 3719 5421 1.8467457294464111
575 1431 3432 4276 1.846100926399231
287 0 3719 3417 1.845092535018921
287 2863 3719 6280 1.8447197675704956
287 1431 3432 4562 1.8443269729614258
575 4008 3719 7139 1.8433917760849
862 1145 3719 3990 1.8380833864212036
0 1717 3432 5135 1.8355604410171509
575 2004 3719 5135 1.835260272026062
0 858 3719 4562 1.8348450660705566
575 286 3432 3131 1.8347570896148682
287 4008 3719 7425 1.8338173627853394
1150 2004 4007 4849 1.8337461948394775
575 3721 3719 6853 1.8320406675338745
1150 0 4007 2845 1.8316999673843384
862 4867 3719 7712 1.8308467864990234
862 286 3719 3131 1.8306233882904053
287 2290 3144 5135 1.8286547660827637
0 1431 3432 4849 1.8285186290740967
862 3149 3719 5994 1.8283441066741943
575 5439 3432 8284 1.8251413106918335
575 2576 3432 5421 1.8238002061843872
1437 2004 4294 4849 1.8226383924484253
0 4580 3719 8284 1.8220585584640503
287 2863 3144 5708 1.822030782699585
287 2290 3432 5421 1.8204553127288818
575 2863 3432 5708 1.8201309442520142
0 2290 3719 5994 1.8194979429244995
0 2576 3719 6280 1.8189574480056763
1437 0 4294 2845 1.816631555557251
0 2004 3719 5708 1.8108431100845337
862 3721 3719 6567 1.8084156513214111
287 286 3432 3417 1.8083115816116333
287 2863 3432 5994 1.807948112487793
0 2576 3432 5994 1.807929515838623
0 2290 3432 5708 1.8030056953430176
575 1717 3432 4562 1.8012205362319946
862 2576 3719 5421 1.800815463066101
287 3721 3719 7139 1.7999999523162842
862 2863 3719 5708 1.7999635934829712
1150 0 4294 3131 1.7996853590011597
862 4008 3719 6853 1.7983942031860352
862 4294 3719 7139 1.7965294122695923
575 3149 3432 5994 1.794595718383789
287 2004 3432 5135 1.7925705909729004
0 2576 2857 5421 1.7916679382324219
0 2863 2857 5708 1.7900755405426025
575 2290 3432 5135 1.788449764251709
575 5153 3432 7998 1.7853814363479614
0 3435 3719 7139 1.7845531702041626
287 1145 3144 3990 1.7840708494186401
287 3149 3432 6280 1.783144474029541
0 3149 3719 6853 1.7807629108428955
287 3435 3432 6567 1.7800577878952026
862 1431 3719 4276 1.778831124305725
0 2863 3719 6567 1.7754724025726318
0 2576 3144 5708 1.7744793891906738
0 0 3719 3704 1.7717491388320923
0 4294 3719 7998 1.767467737197876
862 2290 3719 5135 1.75685453414917
287 2004 3144 4849 1.754456877708435
575 0 3432 2845 1.7508326768875122
287 858 3144 3704 1.7503551244735718
575 3435 3432 6280 1.7488608360290527
862 1717 3719 4562 1.744890570640564
0 4008 3719 7712 1.7420213222503662
0 2290 2857 5135 1.740605354309082
575 2004 3432 4849 1.7370049953460693
287 3149 3144 5994 1.7353812456130981
287 1431 3144 4276 1.7321289777755737
862 0 3719 2845 1.7317558526992798
287 1717 3144 4562 1.729006290435791
0 3149 2857 5994 1.728865146636963
0 1145 3432 4562 1.7272250652313232
0 572 3432 3990 1.7263795137405396
287 5153 3432 8284 1.7259105443954468
0 2004 3432 5421 1.724581003189087
0 2290 3144 5421 1.7189311981201172
0 3149 3432 6567 1.717756748199463
287 0 3432 3131 1.714648962020874
0 858 3432 4276 1.7128187417984009
862 2004 3719 4849 1.7097772359848022
0 3721 3719 7425 1.7082891464233398
0 1717 3144 4849 1.7081029415130615
0 286 3432 3704 1.6974120140075684
0 2863 3432 6280 1.6935391426086426
575 4867 3432 7712 1.6892715692520142
575 4580 3432 7425 1.689078450202942
287 4867 3432 7998 1.6733225584030151
0 2004 3144 5135 1.6730809211730957
0 3435 3432 6853 1.671697735786438
287 4580 3432 7712 1.67136812210083
575 3721 3432 6567 1.6672110557556152
287 572 3144 3417 1.6631019115447998
0 2863 3144 5994 1.6609987020492554
0 2004 2857 4849 1.6603094339370728
0 4580 3432 7998 1.64177405834198
287 3721 3432 6853 1.6378380060195923
287 286 3144 3131 1.6374366283416748
575 4294 3432 7139 1.6371797323226929
575 4008 3432 6853 1.6326745748519897
0 4867 3432 8284 1.6238240003585815
287 4294 3432 7425 1.616111159324646
287 4008 3432 7139 1.6121513843536377
0 3435 2857 6280 1.6072916984558105
287 3435 3144 6280 1.6054292917251587
0 1431 3144 4562 1.6050169467926025
0 3149 3144 6280 1.5830106735229492
0 1145 3144 4276 1.5815750360488892
0 1717 2857 4562 1.5769492387771606
0 4294 3432 7712 1.5713411569595337
0 0 3432 3417 1.5652456283569336
0 4008 3432 7425 1.5634124279022217
287 0 3144 2845 1.5577510595321655
0 3721 3432 7139 1.543979525566101
0 572 3144 3704 1.526572823524475
0 1431 2857 4276 1.5204848051071167
0 858 3144 3990 1.5064886808395386
0 1145 2857 3990 1.4995766878128052
287 5439 3144 8284 1.4971436262130737
0 3435 3144 6567 1.4966914653778076
0 5439 2857 8284 1.4453437328338623
287 5153 3144 7998 1.4415234327316284
0 5153 3144 8284 1.438093662261963
0 3721 2857 6567 1.4356918334960938
0 286 3144 3417 1.4226670265197754
0 858 2857 3704 1.4223345518112183
287 3721 3144 6567 1.4160372018814087
0 572 2857 3417 1.381651759147644
0 5153 2857 7998 1.3784366846084595
0 4867 3144 7998 1.359636664390564
0 286 2857 3131 1.3559132814407349
287 4580 3144 7425 1.3534965515136719
0 4580 3144 7712 1.3514316082000732
0 0 3144 3131 1.3459246158599854
287 4867 3144 7712 1.3427168130874634
0 3721 3144 6853 1.3392606973648071
0 4008 2857 6853 1.3374791145324707
287 4008 3144 6853 1.3333395719528198
0 4294 3144 7425 1.3057986497879028
287 4294 3144 7139 1.301649808883667
0 4008 3144 7139 1.3003778457641602
0 4867 2857 7712 1.277062177658081
0 0 2857 2845 1.275415301322937
0 4580 2857 7425 1.2688640356063843
0 4294 2857 7139 1.2666540145874023
