346 1734 3628 5016 2.9895360469818115
173 1561 3628 5016 2.9618544578552246
346 346 3628 3628 2.9590601921081543
173 1734 3628 5189 2.948680877685547
173 1734 3455 5016 2.932206869125366
346 520 3628 3801 2.9175565242767334
346 1734 3455 4842 2.915863513946533
346 1561 3628 4842 2.910898447036743
173 1734 3281 4842 2.862156391143799
0 1734 3281 5016 2.853224039077759
173 346 3628 3801 2.851714611053467
0 1561 3455 5016 2.851396083831787
346 2255 3108 5016 2.845433235168457
173 693 3628 4148 2.8453240394592285
346 2081 3281 5016 2.8431460857391357
0 1734 3455 5189 2.8385684490203857
520 520 3628 3628 2.8370347023010254
173 1561 3455 4842 2.834092855453491
173 1387 3628 4842 2.8313088417053223
173 173 3628 3628 2.8288137912750244
346 2081 3108 4842 2.823882579803467
346 1908 3455 5016 2.805068254470825
173 1908 3281 5016 2.8002421855926514
173 520 3628 3975 2.800217390060425
520 1734 3628 4842 2.797682523727417
173 2081 3108 5016 2.7933831214904785
346 867 3628 4148 2.793311357498169
346 520 3455 3628 2.790802478790283
0 1734 3108 4842 2.7877819538116455
346 2255 3281 5189 2.7870934009552
346 1908 3281 4842 2.781137704849243
346 2081 3455 5189 2.779715061187744
0 1561 3281 4842 2.778719663619995
173 1908 3455 5189 2.776691198348999
346 1908 3628 5189 2.769645929336548
173 2081 3281 5189 2.767624616622925
520 2255 3281 5016 2.762768030166626
0 1387 3455 4842 2.757450819015503
346 2255 2934 4842 2.7508621215820312
173 2255 3108 5189 2.7504489421844482
520 2081 3455 5016 2.7482876777648926
173 1908 3628 5363 2.7460365295410156
173 867 3628 4322 2.741220712661743
173 1908 3108 4842 2.738560199737549
520 2255 3108 4842 2.737419605255127
520 2081 3281 4842 2.736556053161621
346 2428 2934 5016 2.731208324432373
346 2428 3108 5189 2.7280874252319336
346 1040 3628 4322 2.7265095710754395
346 1734 3281 4669 2.7263758182525635
346 693 3628 3975 2.7227137088775635
173 1040 3628 4495 2.7208926677703857
173 2081 3455 5363 2.710752487182617
346 2081 3628 5363 2.7094526290893555
520 2255 3455 5189 2.7082624435424805
346 2602 2934 5189 2.704349994659424
173 2255 3281 5363 2.7020692825317383
0 1908 3281 5189 2.7004342079162598
520 1908 3455 4842 2.697277307510376
346 1387 3628 4669 2.696331024169922
693 2255 3281 4842 2.6937918663024902
346 2255 3455 5363 2.6914172172546387
346 173 3628 3454 2.6913623809814453
0 1908 3108 5016 2.6893911361694336
520 1908 3628 5016 2.689239978790283
520 2602 2934 5016 2.6890921592712402
173 1734 3108 4669 2.6889915466308594
520 2948 2761 5189 2.686169385910034
520 2775 2934 5189 2.6831374168395996
520 2428 3108 5016 2.6799824237823486
346 1561 3455 4669 2.679257869720459
520 2775 2761 5016 2.6792049407958984
173 2255 2934 5016 2.6790947914123535
346 693 3281 3628 2.6772172451019287
0 2081 3108 5189 2.6768553256988525
520 2081 3628 5189 2.671794891357422
520 1734 3455 4669 2.6699283123016357
346 2775 2934 5363 2.669285774230957
520 2428 2934 4842 2.6637096405029297
693 2255 3455 5016 2.6610984802246094
520 2948 2934 5363 2.661090612411499
0 693 3455 4148 2.6577680110931396
0 1908 3455 5363 2.6561920642852783
346 693 3455 3801 2.64974308013916
173 867 3455 4148 2.649484872817993
346 2775 2761 5189 2.6490397453308105
173 1561 3281 4669 2.6483969688415527
693 2081 3455 4842 2.6466732025146484
346 2602 2761 5016 2.645284652709961
346 1908 3108 4669 2.638897180557251
693 2255 3108 4669 2.638110876083374
173 2081 2934 4842 2.6374638080596924
346 1040 3455 4148 2.6371989250183105
346 2948 2761 5363 2.636138439178467
346 2602 3108 5363 2.6346285343170166
520 2428 3281 5189 2.6343882083892822
520 346 3628 3454 2.6333348751068115
520 2602 3108 5189 2.6306543350219727
173 520 3281 3628 2.6305603981018066
346 1734 3108 4495 2.628793239593506
173 2428 2934 5189 2.6265146732330322
173 2428 3108 5363 2.625821590423584
693 2081 3628 5016 2.625657081604004
0 2255 3108 5363 2.6251354217529297
173 346 3455 3628 2.6246259212493896
693 1734 3628 4669 2.624385118484497
0 1040 3455 4495 2.623648166656494
346 2428 3281 5363 2.623249053955078
173 520 3455 3801 2.622824192047119
0 2081 3281 5363 2.6224241256713867
693 2948 2761 5016 2.6181070804595947
520 2081 3108 4669 2.617866039276123
693 2081 3281 4669 2.617178440093994
520 2602 2761 4842 2.6150591373443604
520 693 3628 3801 2.6136474609375
173 1040 3455 4322 2.613497495651245
693 2428 3108 4842 2.6123874187469482
520 1561 3628 4669 2.6118838787078857
693 2428 3281 5016 2.611581802368164
520 1040 3628 4148 2.6100351810455322
173 1040 3281 4148 2.609656572341919
693 2602 3108 5016 2.6092329025268555
0 867 3281 4148 2.6087825298309326
346 2428 2761 4842 2.607114315032959
693 2255 3628 5189 2.6069977283477783
693 2775 2934 5016 2.606936454772949
693 1908 3628 4842 2.605613946914673
173 1387 3455 4669 2.605191230773926
0 1387 3281 4669 2.604982376098633
0 867 3455 4322 2.6044106483459473
173 1214 3628 4669 2.600644826889038
693 2948 2934 5189 2.5999655723571777
0 2081 2934 5016 2.5985283851623535
346 2081 2934 4669 2.596266269683838
693 2775 3108 5189 2.593799114227295
520 2255 3628 5363 2.591607093811035
346 1561 3281 4495 2.590893268585205
520 693 3455 3628 2.5903594493865967
0 1561 3108 4669 2.5896692276000977
0 1040 3281 4322 2.589348793029785
346 0 3628 3281 2.585981845855713
0 2255 2934 5189 2.5857837200164795
693 2602 3281 5189 2.585714340209961
520 2775 3108 5363 2.583200693130493
0 1040 3108 4148 2.5826427936553955
520 2255 2934 4669 2.5788838863372803
520 1734 3281 4495 2.5785820484161377
173 693 3108 3628 2.5778441429138184
520 1908 3281 4669 2.575357437133789
173 2255 2761 4842 2.5741212368011475
173 1561 3108 4495 2.573744535446167
173 2602 2934 5363 2.5721516609191895
520 2948 2587 5016 2.571722984313965
346 1214 3628 4495 2.5692763328552246
346 520 3281 3454 2.5673110485076904
693 2602 2934 4842 2.566500663757324
520 3122 2761 5363 2.564196825027466
346 1387 3455 4495 2.563480854034424
173 1387 3281 4495 2.5632970333099365
520 173 3628 3281 2.557738780975342
346 520 3108 3281 2.5576674938201904
346 346 3455 3454 2.5536649227142334
346 867 3108 3628 2.552363872528076
520 2602 3281 5363 2.5516035556793213
346 693 2761 3107 2.5505306720733643
693 1908 3455 4669 2.5493223667144775
693 1734 3455 4495 2.5482261180877686
693 2775 2761 4842 2.5432863235473633
0 2255 2761 5016 2.5431969165802
0 1214 3455 4669 2.5431692600250244
520 1387 3628 4495 2.5422656536102295
693 2948 3108 5363 2.5396947860717773
0 1908 2934 4842 2.537794351577759
173 2428 2761 5016 2.5377678871154785
346 2255 2761 4669 2.5360653400421143
520 1561 3455 4495 2.5359885692596436
346 346 3281 3281 2.532238483428955
346 520 2934 3107 2.5318703651428223
346 520 2414 2587 2.5316994190216064
346 1561 3108 4322 2.5315935611724854
693 2081 3108 4495 2.5303282737731934
173 2602 2761 5189 2.5302183628082275
346 867 3281 3801 2.5288543701171875
346 346 2414 2414 2.5287678241729736
346 173 3455 3281 2.5273170471191406
346 867 3455 3975 2.527153730392456
173 693 3281 3801 2.5245821475982666
173 1214 3455 4495 2.5244388580322266
346 2948 2587 5189 2.523063898086548
346 346 3108 3107 2.522364854812622
346 1387 3281 4322 2.5222084522247314
173 693 3455 3975 2.521306276321411
693 2428 3455 5189 2.520504951477051
0 2081 2761 4842 2.519066095352173
520 2428 3455 5363 2.518970489501953
520 520 3281 3281 2.518827438354492
520 520 3455 3454 2.51652455329895
693 3122 2761 5189 2.5150208473205566
173 1387 3108 4322 2.5132973194122314
346 693 2934 3281 2.5116770267486572
0 1734 2934 4669 2.5116055011749268
0 1387 3108 4495 2.5105185508728027
693 2775 3281 5363 2.51015043258667
520 3122 2587 5189 2.5094823837280273
0 1214 3281 4495 2.509223222732544
693 2428 2934 4669 2.50846004486084
693 2255 2934 4495 2.5083158016204834
520 1734 3108 4322 2.5079092979431152
173 2775 2761 5363 2.506795883178711
346 693 3108 3454 2.5065603256225586
693 1734 3281 4322 2.5053467750549316
173 1734 2934 4495 2.5036556720733643
346 693 2414 2761 2.501774549484253
520 2428 2761 4669 2.4963715076446533
346 2775 2587 5016 2.4923853874206543
346 520 2761 2934 2.491133213043213
173 1214 3281 4322 2.4910647869110107
346 1214 3455 4322 2.4907844066619873
346 173 3281 3107 2.4898760318756104
346 1734 2934 4322 2.488229990005493
520 867 3628 3975 2.485844135284424
520 520 3108 3107 2.4853920936584473
520 867 3281 3628 2.485280990600586
0 520 3455 3975 2.4838805198669434
173 0 3628 3454 2.483401298522949
346 1908 2934 4495 2.483182191848755
520 1561 3281 4322 2.483121395111084
693 1561 3628 4495 2.4829204082489014
0 520 3281 3801 2.4824399948120117
173 1908 2934 4669 2.482403516769409
693 1908 3281 4495 2.4823343753814697
520 1908 3108 4495 2.482300043106079
0 520 3108 3628 2.482165813446045
346 2081 2761 4495 2.481449842453003
346 867 2587 3107 2.4811158180236816
520 2255 2761 4495 2.4804375171661377
346 1387 3108 4148 2.479902505874634
173 867 2934 3628 2.479872465133667
346 867 2761 3281 2.4796197414398193
693 2602 2761 4669 2.4794015884399414
173 1214 3108 4148 2.4787793159484863
346 1040 3108 3801 2.478574514389038
693 3122 2934 5363 2.477851629257202
173 867 3108 3801 2.476689577102661
520 2081 2934 4495 2.475564956665039
346 520 2587 2761 2.474555253982544
346 1040 2934 3628 2.474179267883301
346 1214 3281 4148 2.4739506244659424
173 1040 2761 3628 2.473912477493286
520 2775 2587 4842 2.4733946323394775
520 1387 3455 4322 2.4694652557373047
0 2428 2934 5363 2.4657962322235107
173 2081 2761 4669 2.465360403060913
0 346 3455 3801 2.463252067565918
0 2428 2761 5189 2.462355375289917
346 1734 2761 4148 2.461613893508911
346 1040 3281 3975 2.460902452468872
346 867 2414 2934 2.4605705738067627
0 346 3281 3628 2.4585628509521484
346 693 2587 2934 2.4575998783111572
520 346 3281 3107 2.457346200942993
173 1734 2761 4322 2.457108736038208
173 867 3281 3975 2.4559175968170166
346 1040 2414 3107 2.4558210372924805
0 1734 2761 4495 2.453369617462158
520 1214 3628 4322 2.451686382293701
0 693 3108 3801 2.4486887454986572
520 867 3455 3801 2.446171998977661
0 173 3455 3628 2.4453325271606445
173 1561 2934 4322 2.445073366165161
693 693 3628 3628 2.4450316429138184
520 1040 3108 3628 2.444291830062866
520 693 3108 3281 2.4436697959899902
173 520 3108 3454 2.441823720932007
0 693 3281 3975 2.4406676292419434
693 2602 3455 5363 2.4399681091308594
346 3122 2587 5363 2.439126968383789
173 1040 3108 3975 2.439026355743408
346 346 2761 2761 2.4375171661376953
0 1214 3108 4322 2.437065362930298
867 2948 2934 5016 2.4361679553985596
520 1387 3281 4148 2.4326138496398926
173 693 2761 3281 2.43068790435791
173 1561 2761 4148 2.428529739379883
693 1561 3455 4322 2.4281387329101562
346 346 2934 2934 2.4278461933135986
173 520 2934 3281 2.427220344543457
0 1561 2934 4495 2.4258217811584473
693 2428 2761 4495 2.4257326126098633
520 693 3281 3454 2.425370216369629
520 3295 2587 5363 2.4246397018432617
520 1561 3108 4148 2.4235727787017822
520 346 3455 3281 2.4232609272003174
520 0 3628 3107 2.4229283332824707
346 1908 2761 4322 2.4224088191986084
173 1387 2934 4148 2.422011137008667
693 1734 3108 4148 2.420736312866211
173 1040 2934 3801 2.4202396869659424
346 2602 2587 4842 2.419795274734497
520 2081 2761 4322 2.41741681098938
520 693 2934 3107 2.416520357131958
693 1908 3108 4322 2.413788080215454
346 1561 2934 4148 2.4136767387390137
346 346 2587 2587 2.4129478931427
346 1040 2587 3281 2.412635087966919
173 520 2761 3107 2.410210609436035
520 1040 3281 3801 2.409656286239624
520 520 2761 2761 2.4081480503082275
173 2775 2587 5189 2.4070162773132324
173 1908 2761 4495 2.406761646270752
867 2775 3108 5016 2.4063186645507812
0 1908 2761 4669 2.4062483310699463
0 2602 2761 5363 2.4062066078186035
346 0 3455 3107 2.4053447246551514
693 2255 2761 4322 2.4028220176696777
520 1214 3455 4148 2.402251958847046
0 1561 2761 4322 2.401503324508667
693 2428 3628 5363 2.40030574798584
693 3295 2761 5363 2.4001893997192383
693 2081 2934 4322 2.399587392807007
0 693 2934 3628 2.396923780441284
346 1040 2761 3454 2.3950867652893066
867 2602 3108 4842 2.3938655853271484
173 2948 2587 5363 2.3935720920562744
520 867 2761 3107 2.3926877975463867
173 346 3281 3454 2.391653537750244
520 520 2934 2934 2.3906726837158203
173 693 2934 3454 2.390223741531372
346 867 2934 3454 2.389883279800415
867 2948 3108 5189 2.388904333114624
520 1908 2934 4322 2.3872315883636475
173 346 2240 2414 2.38309383392334
520 693 2761 2934 2.3830556869506836
693 1387 3628 4322 2.3825621604919434
0 867 3108 3975 2.38206148147583
693 1561 3281 4148 2.3810861110687256
0 1387 2934 4322 2.3801076412200928
520 1734 2934 4148 2.38010573387146
173 346 3108 3281 2.379511833190918
346 2948 2414 5016 2.379343271255493
346 173 2414 2240 2.378857374191284
173 173 3455 3454 2.377242088317871
173 2602 2587 5016 2.3768582344055176
520 1040 3455 3975 2.376345634460449
520 173 3455 3107 2.3727283477783203
520 346 3108 2934 2.372548818588257
867 2775 2934 4842 2.372060775756836
520 693 2587 2761 2.3680808544158936
867 2255 3281 4669 2.366469383239746
867 2602 2934 4669 2.365638494491577
1040 2948 3108 5016 2.365584373474121
0 1387 2761 4148 2.3629424571990967
173 693 2587 3107 2.359570026397705
346 3122 2414 5189 2.3572824001312256
867 2775 3281 5189 2.356981039047241
867 2428 3108 4669 2.354933977127075
173 173 3281 3281 2.3545491695404053
0 1214 2934 4148 2.3537988662719727
867 2428 3281 4842 2.3536369800567627
173 520 2240 2587 2.3522987365722656
173 346 2934 3107 2.3522722721099854
520 520 2587 2587 2.3517794609069824
867 3122 2934 5189 2.3513946533203125
867 2602 3281 5016 2.3513290882110596
867 2255 3108 4495 2.3510499000549316
173 520 2414 2761 2.3506665229797363
346 2255 2587 4495 2.3505783081054688
346 0 2414 2067 2.3503787517547607
346 173 3108 2934 2.3466055393218994
1040 2775 3108 4842 2.3464772701263428
1040 2602 3108 4669 2.3464748859405518
520 2602 2587 4669 2.345364809036255
520 867 2934 3281 2.3414342403411865
173 867 2761 3454 2.3411545753479004
520 1908 2761 4148 2.339513063430786
173 346 2414 2587 2.3392245769500732
173 867 2414 3107 2.3380863666534424
520 867 3108 3454 2.3358778953552246
0 867 2761 3628 2.33562970161438
173 2428 2587 4842 2.335484504699707
1040 2428 3108 4495 2.3351926803588867
693 867 3628 3801 2.3351151943206787
0 2255 2587 4842 2.3337740898132324
693 2081 2761 4148 2.3336269855499268
867 2255 3455 4842 2.3335518836975098
173 1040 2240 3107 2.3304789066314697
867 2428 2934 4495 2.3278677463531494
693 1387 3455 4148 2.327669143676758
346 2081 2587 4322 2.326828956604004
0 867 2934 3801 2.326115131378174
520 1040 2761 3281 2.3256287574768066
173 693 2240 2761 2.324997901916504
346 173 2587 2414 2.3236443996429443
0 2602 2587 5189 2.3235156536102295
520 867 2587 2934 2.322969913482666
346 2775 2414 4842 2.3218085765838623
520 2255 2587 4322 2.3186938762664795
346 2428 2587 4669 2.3183891773223877
520 346 2934 2761 2.3169684410095215
173 693 2414 2934 2.31676983833313
867 2081 3455 4669 2.3164055347442627
520 346 2761 2587 2.3120551109313965
346 173 2761 2587 2.3120434284210205
520 1040 2587 3107 2.3104467391967773
173 2255 2587 4669 2.3099563121795654
173 867 2587 3281 2.308448553085327
173 1040 2414 3281 2.308361768722534
0 2428 2587 5016 2.3080286979675293
173 346 2761 2934 2.3076839447021484
173 1734 2587 4148 2.3071603775024414
346 0 3281 2934 2.3057570457458496
173 520 2587 2934 2.3057522773742676
346 173 2934 2761 2.3056888580322266
346 0 2761 2414 2.3045759201049805
867 2948 3281 5363 2.3033065795898438
173 173 2414 2414 2.2988154888153076
0 2775 2587 5363 2.298445463180542
0 1040 2934 3975 2.297858715057373
173 2948 2414 5189 2.2975106239318848
867 2255 3628 5016 2.297431707382202
520 2428 2587 4495 2.2966837882995605
1040 2775 3281 5016 2.2948544025421143
1040 2602 3281 4842 2.2946438789367676
1040 2255 3281 4495 2.294252395629883
346 1908 2587 4148 2.294142246246338
173 0 3455 3281 2.294004440307617
0 1040 2761 3801 2.293560028076172
867 3122 3108 5363 2.2923216819763184
346 3295 2414 5363 2.292269229888916
346 1214 2761 3628 2.2901885509490967
520 346 2587 2414 2.2891690731048584
520 2081 2587 4148 2.289006471633911
867 2428 3455 5016 2.2889761924743652
693 1908 2934 4148 2.2875444889068604
173 173 3108 3107 2.287368059158325
867 2081 3628 4842 2.287236213684082
173 867 2240 2934 2.2861313819885254
520 173 3281 2934 2.286046266555786
693 1214 3628 4148 2.2832484245300293
173 2081 2587 4495 2.2821481227874756
173 346 2587 2761 2.2816684246063232
693 520 3628 3454 2.2773916721343994
867 2081 3281 4495 2.275380849838257
1040 2948 3281 5189 2.274980068206787
867 2602 3455 5189 2.2743000984191895
1040 3122 3108 5189 2.272914409637451
0 1734 2587 4322 2.272885799407959
1040 2255 3108 4322 2.272138833999634
346 0 2934 2587 2.2705330848693848
1040 2428 3281 4669 2.269172430038452
693 1040 3628 3975 2.2685165405273438
1040 2255 3455 4669 2.266462564468384
346 0 3108 2761 2.2617979049682617
173 173 2240 2240 2.260913848876953
520 1040 2934 3454 2.2608773708343506
346 1214 2414 3281 2.2595937252044678
346 2081 2414 4148 2.2589573860168457
867 1908 3628 4669 2.2574150562286377
867 2255 2934 4322 2.2562427520751953
173 2775 2414 5016 2.255690097808838
0 2081 2587 4669 2.2535400390625
173 1908 2587 4322 2.2483932971954346
173 1214 2761 3801 2.248034954071045
173 1040 2587 3454 2.245927572250366
346 1214 3108 3975 2.24371600151062
867 2081 3108 4322 2.243119955062866
867 3295 2934 5363 2.242347478866577
346 2255 2414 4322 2.2396926879882812
173 0 3281 3107 2.2368319034576416
693 867 3455 3628 2.236470937728882
1040 2255 3628 4842 2.2364282608032227
1040 2081 3628 4669 2.2355129718780518
693 1040 3281 3628 2.2353711128234863
867 1734 3628 4495 2.234790563583374
0 1561 2587 4148 2.2312750816345215
346 0 2587 2240 2.2279603481292725
173 1214 2934 3975 2.2269554138183594
0 520 2934 3454 2.224116325378418
0 1908 2587 4495 2.2227702140808105
0 346 3108 3454 2.22204327583313
0 2775 2414 5189 2.2205333709716797
1040 2428 3455 4842 2.2203176021575928
346 1387 2761 3801 2.218977212905884
173 0 2240 2067 2.2189724445343018
346 1214 2934 3801 2.216193914413452
173 3122 2414 5363 2.214498281478882
867 2428 3628 5189 2.214172601699829
520 1214 3108 3801 2.2124836444854736
867 2775 3455 5363 2.210573434829712
1040 2602 3455 5016 2.20969820022583
520 173 3108 2761 2.207923412322998
867 1908 3455 4495 2.2077488899230957
1040 2775 3455 5189 2.2075157165527344
173 173 2587 2587 2.207012414932251
346 1387 2587 3628 2.2065577507019043
173 1387 2761 3975 2.206435203552246
346 1561 2761 3975 2.2045276165008545
0 1734 2414 4148 2.204219102859497
173 2602 2414 4842 2.2031004428863525
173 1214 2587 3628 2.2023537158966064
0 520 2761 3281 2.2007505893707275
867 1734 3455 4322 2.2004592418670654
0 2948 2414 5363 2.1995952129364014
173 0 2414 2240 2.199580430984497
346 2602 2414 4669 2.19922137260437
0 173 3281 3454 2.1991329193115234
0 693 2761 3454 2.198207139968872
1040 2081 3455 4495 2.196810722351074
173 1214 2240 3281 2.196309804916382
693 346 3628 3281 2.193723440170288
693 1040 3455 3801 2.1925249099731445
173 173 2934 2934 2.1910600662231445
520 0 3281 2761 2.1869125366210938
520 0 3455 2934 2.186239719390869
693 693 3108 3107 2.185373306274414
867 1908 3281 4322 2.1852588653564453
0 346 2934 3281 2.1849541664123535
520 1387 3108 3975 2.182345390319824
346 1214 2587 3454 2.1821842193603516
346 1387 2934 3975 2.1819896697998047
520 1214 2934 3628 2.180980682373047
520 173 2761 2414 2.1804802417755127
0 2602 2414 5016 2.179696798324585
1040 2081 3281 4322 2.1789627075195312
173 2081 2414 4322 2.1773979663848877
346 1734 2587 3975 2.1763806343078613
0 0 3455 3454 2.175459623336792
346 2428 2414 4495 2.1748087406158447
173 2255 2414 4495 2.174370765686035
173 0 2587 2414 2.1742630004882812
173 173 2761 2761 2.173021078109741
0 173 3108 3281 2.171912431716919
520 1214 3281 3975 2.1715455055236816
173 1908 2414 4148 2.1704583168029785
1040 3122 3281 5363 2.169891834259033
1040 2428 3628 5016 2.1674296855926514
520 173 2934 2587 2.165156602859497
346 1561 2414 3628 2.1651387214660645
693 867 3108 3281 2.162716865539551
693 693 3281 3281 2.161841630935669
693 1040 2761 3107 2.1611828804016113
346 1561 2587 3801 2.158515453338623
0 1040 2587 3628 2.1579055786132812
867 2081 2934 4148 2.1569368839263916
173 0 2761 2587 2.155269145965576
867 1561 3628 4322 2.1544277667999268
0 346 2761 3107 2.1534597873687744
346 1734 2414 3801 2.153059959411621
173 1387 2414 3628 2.1527369022369385
1040 3295 3108 5363 2.1510376930236816
173 2948 2240 5016 2.1488914489746094
0 2948 2240 5189 2.1475260257720947
1040 1734 3628 4322 2.146132469177246
1040 2602 3628 5189 2.145601749420166
867 2602 3628 5363 2.1451456546783447
520 1214 2587 3281 2.144226551055908
173 3122 2240 5189 2.143551826477051
520 1734 2761 3975 2.1434643268585205
1040 2948 3455 5363 2.141969919204712
0 2428 2414 4842 2.1417295932769775
520 1387 2761 3628 2.141496419906616
693 867 2934 3107 2.1389946937561035
1040 1908 3628 4495 2.1387014389038086
1040 2081 3108 4148 2.136944055557251
0 2255 2414 4669 2.1339242458343506
346 1387 2414 3454 2.1338679790496826
173 0 2934 2761 2.128669500350952
0 0 3281 3281 2.1260712146759033
173 1387 2587 3801 2.1258788108825684
173 1214 2414 3454 2.1249630451202393
693 867 2761 2934 2.123772621154785
173 0 3108 2934 2.1235790252685547
0 2081 2414 4495 2.1214685440063477
0 173 2934 3107 2.1206908226013184
693 173 3628 3107 2.1184167861938477
867 1734 3281 4148 2.117917060852051
520 1387 2934 3801 2.117668867111206
1040 1908 3455 4322 2.1170148849487305
173 2428 2414 4669 2.1164653301239014
0 1908 2414 4322 2.1141726970672607
520 0 3108 2587 2.113696336746216
867 1908 3108 4148 2.1119325160980225
520 173 2587 2240 2.1099727153778076
693 867 3281 3454 2.1095213890075684
520 1561 2761 3801 2.1086976528167725
520 0 2934 2414 2.1055731773376465
520 1561 2934 3975 2.105388879776001
0 693 2587 3281 2.103858709335327
693 520 3281 3107 2.100064754486084
1214 2602 3281 4669 2.0990946292877197
520 1734 2587 3801 2.098237991333008
173 1561 2587 3975 2.0976314544677734
693 693 3455 3454 2.0968053340911865
693 1040 2934 3281 2.0957887172698975
693 1040 3108 3454 2.092820167541504
1214 2948 3281 5016 2.0927352905273438
173 1387 2240 3454 2.091775894165039
693 693 2761 2761 2.089557647705078
1214 2775 3281 4842 2.086265802383423
0 1214 2761 3975 2.084949016571045
173 3295 2240 5363 2.084376096725464
0 693 2414 3107 2.079641819000244
520 1214 2761 3454 2.07792592048645
693 520 3455 3281 2.077073812484741
0 2775 2240 5016 2.0763039588928223
173 1561 2414 3801 2.0741586685180664
520 1561 2587 3628 2.0726780891418457
520 0 2761 2240 2.0721707344055176
173 1561 2240 3628 2.071790933609009
0 867 2414 3281 2.071699857711792
0 0 3108 3107 2.0699639320373535
0 1040 2414 3454 2.0685853958129883
867 1561 3455 4148 2.06835675239563
1214 3122 3281 5189 2.0673601627349854
1040 2775 3628 5363 2.066767930984497
0 1040 2240 3281 2.0642473697662354
173 1734 2414 3975 2.0618016719818115
693 1561 3108 3975 2.061305046081543
173 2775 2240 4842 2.0602972507476807
1214 2428 3281 4495 2.059911012649536
520 1908 2587 3975 2.058723211288452
0 520 2587 3107 2.0560336112976074
0 1214 2414 3628 2.0556552410125732
1040 1734 3455 4148 2.051480293273926
693 693 2934 2934 2.0499820709228516
0 867 2587 3454 2.049429178237915
867 1387 3628 4148 2.048393726348877
346 1908 2414 3975 2.047044277191162
693 1734 2934 3975 2.0449862480163574
520 0 2587 2067 2.043649435043335
1214 2775 3455 5016 2.0416109561920166
0 3122 2240 5363 2.0402109622955322
0 3122 2067 5189 2.040142059326172
1214 2602 3455 4842 2.039346694946289
1040 1561 3628 4148 2.0392208099365234
693 1734 2761 3801 2.038268566131592
1040 1908 3281 4148 2.0361039638519287
1214 2948 3455 5189 2.031968832015991
173 2081 2240 4148 2.0310540199279785
0 867 2240 3107 2.027022123336792
520 1387 2587 3454 2.025935173034668
173 1734 2240 3801 2.025357723236084
693 520 3108 2934 2.017683506011963
1214 2428 3455 4669 2.0169105529785156
693 1387 3108 3801 2.01525616645813
173 2255 2240 4322 2.014883518218994
693 1387 3281 3975 2.013223886489868
0 2948 2067 5016 2.011342763900757
693 1908 2761 3975 2.0083389282226562
0 1387 2414 3801 2.0069737434387207
693 1561 2761 3628 2.0067856311798096
693 1214 3108 3628 2.0067572593688965
0 1214 2587 3801 2.0052831172943115
0 1387 2587 3975 1.9962633848190308
0 173 2761 2934 1.9955077171325684
693 520 2934 2761 1.994954228401184
693 1561 2934 3801 1.994923710823059
0 1387 2240 3628 1.994551420211792
0 1040 2067 3107 1.9907188415527344
693 520 2761 2587 1.990387201309204
0 0 2934 2934 1.9865747690200806
0 1561 2414 3975 1.9848183393478394
0 2602 2240 4842 1.983184576034546
0 1908 2240 4148 1.9819188117980957
693 1387 2934 3628 1.9810216426849365
693 1214 3281 3801 1.9791380167007446
1387 2602 3455 4669 1.977085828781128
0 2255 2240 4495 1.976340413093567
0 3295 2067 5363 1.974534511566162
0 2081 2240 4322 1.9740325212478638
1387 2775 3455 4842 1.9738825559616089
1387 2948 3455 5016 1.9729660749435425
1214 3295 3281 5363 1.9719247817993164
693 346 3455 3107 1.9703730344772339
1214 3122 3455 5363 1.9702394008636475
1214 2775 3628 5189 1.9697757959365845
173 2602 2240 4669 1.966833472251892
693 1214 3455 3975 1.9655619859695435
1214 2255 3455 4495 1.9650102853775024
1214 2602 3628 5016 1.964574933052063
0 520 2414 2934 1.9629383087158203
867 867 3628 3628 1.9626851081848145
1214 2428 3628 4842 1.9622102975845337
0 346 2587 2934 1.9616389274597168
1214 2255 3628 4669 1.961273431777954
0 0 2761 2761 1.956531286239624
1387 3122 3455 5189 1.9543899297714233
0 693 2240 2934 1.9516428709030151
1214 2255 3281 4322 1.9464043378829956
173 2428 2240 4495 1.946186900138855
1387 2428 3455 4495 1.9422897100448608
0 1214 2240 3454 1.940889835357666
0 1561 2240 3801 1.9370394945144653
0 346 2414 2761 1.9333553314208984
693 0 3628 2934 1.9299306869506836
693 346 3108 2761 1.923477292060852
693 1214 2761 3281 1.921402096748352
0 1214 2067 3281 1.9201719760894775
0 1561 2067 3628 1.917413353919983
0 1734 2240 3975 1.9144339561462402
867 1040 3628 3801 1.9099758863449097
693 346 3281 2934 1.9094353914260864
0 2428 2240 4669 1.9074729681015015
1214 2948 3628 5363 1.9064034223556519
0 520 2240 2761 1.9053040742874146
1387 2602 3628 4842 1.9042742252349854
0 2775 2067 4842 1.9037067890167236
0 2081 2067 4148 1.9028759002685547
0 1387 2067 3454 1.9022326469421387
173 1908 2240 3975 1.8994479179382324
1387 2775 3628 5016 1.8964393138885498
1387 2948 3628 5189 1.890977382659912
1387 2428 3628 4669 1.890701413154602
1214 2081 3628 4495 1.8897690773010254
0 2255 2067 4322 1.8799012899398804
0 173 2587 2761 1.8787504434585571
0 1734 2067 3801 1.876895785331726
1214 2081 3455 4322 1.8758196830749512
693 1387 2761 3454 1.8740322589874268
0 867 2067 2934 1.8738822937011719
0 346 2240 2587 1.8730626106262207
1387 3295 3455 5363 1.8666443824768066
1387 2255 3628 4495 1.8652540445327759
693 346 2934 2587 1.8635870218276978
0 173 2414 2587 1.8608189821243286
693 1214 2934 3454 1.8607563972473145
0 693 2067 2761 1.8574272394180298
1387 2255 3455 4322 1.8530192375183105
693 346 2761 2414 1.852125883102417
0 0 2587 2587 1.844804048538208
867 1040 3455 3628 1.8409638404846191
867 1734 3108 3975 1.8333861827850342
0 173 2240 2414 1.8299556970596313
0 520 2067 2587 1.8286532163619995
1214 2081 3281 4148 1.8238797187805176
1214 1908 3628 4322 1.8228033781051636
1387 3122 3628 5363 1.8215676546096802
0 346 2067 2414 1.8210258483886719
1387 2081 3628 4322 1.812692403793335
0 2602 2067 4669 1.8068660497665405
0 0 2414 2414 1.8042402267456055
1040 1040 3628 3628 1.796846628189087
693 173 3281 2761 1.796701431274414
693 173 3108 2587 1.7942113876342773
1561 346 3628 2414 1.7925047874450684
1561 173 3628 2240 1.790975570678711
0 2428 2067 4495 1.790314793586731
867 1561 3281 3975 1.7891416549682617
867 1908 2934 3975 1.7877708673477173
867 693 3628 3454 1.7856099605560303
867 520 3628 3281 1.7815481424331665
1387 2081 3455 4148 1.7802371978759766
693 173 3455 2934 1.7784522771835327
1561 520 3628 2587 1.7767045497894287
867 867 3108 3107 1.7766140699386597
867 1734 2934 3801 1.7732082605361938
867 1561 3108 3801 1.7674576044082642
1561 2602 3628 4669 1.764838695526123
867 1387 3455 3975 1.7631587982177734
1214 1908 3455 4148 1.7599948644638062
1214 1734 3628 4148 1.7586787939071655
867 1214 3628 3975 1.7586636543273926
1561 2775 3628 4842 1.7573556900024414
0 1908 2067 3975 1.7542778253555298
693 173 2934 2414 1.7533950805664062
1040 1734 3281 3975 1.7522929906845093
1561 2948 3628 5016 1.746903419494629
1387 1908 3628 4148 1.7421435117721558
1561 0 3628 2067 1.7397568225860596
1040 1908 3108 3975 1.738405704498291
867 867 3281 3281 1.737372636795044
1561 2428 3628 4495 1.735302209854126
867 1040 3108 3281 1.7350307703018188
1040 1561 3455 3975 1.728532314300537
867 1561 2934 3628 1.7284332513809204
867 1387 3108 3628 1.7281357049942017
693 0 3281 2587 1.72678804397583
867 1387 3281 3801 1.7250944375991821
1040 1387 3628 3975 1.7227004766464233
1561 3122 3628 5189 1.7206913232803345
867 1040 2934 3107 1.7197800874710083
1040 1734 3108 3801 1.71657133102417
867 693 3281 3107 1.7103524208068848
867 346 3628 3107 1.707294225692749
867 867 3455 3454 1.7063454389572144
693 0 3108 2414 1.7055035829544067
1561 693 3628 2761 1.7036020755767822
1040 693 3628 3281 1.7035037279129028
867 1040 3281 3454 1.7019425630569458
1040 520 3628 3107 1.7008512020111084
867 1214 3455 3801 1.700731873512268
693 0 3455 2761 1.7003501653671265
1561 2255 3628 4322 1.6993440389633179
1040 867 3628 3454 1.6949256658554077
0 173 2067 2240 1.694623351097107
1387 346 3628 2587 1.6906944513320923
867 1214 3281 3628 1.6861077547073364
693 173 2761 2240 1.6846160888671875
867 867 2934 2934 1.6840522289276123
867 693 3455 3281 1.6810226440429688
0 0 2240 2240 1.6746270656585693
1040 1561 3281 3801 1.6739815473556519
1387 173 3628 2414 1.6724392175674438
867 693 3108 2934 1.6713687181472778
1040 1561 3108 3628 1.666121006011963
1387 520 3628 2761 1.664991021156311
1561 3295 3628 5363 1.6649707555770874
1387 693 3628 2934 1.663706660270691
1040 1214 3628 3801 1.6614892482757568
1040 1387 3455 3801 1.6581834554672241
1561 2081 3628 4148 1.6545817852020264
867 693 2934 2761 1.6425851583480835
1387 0 3628 2240 1.6387219429016113
1040 1387 3281 3628 1.6231451034545898
693 0 2934 2240 1.6216078996658325
867 520 3455 3107 1.618955135345459
1040 867 3281 3107 1.6188225746154785
693 0 2761 2067 1.6151072978973389
0 0 2067 2067 1.6144661903381348
867 173 3628 2934 1.6135307550430298
1040 867 3455 3281 1.6061345338821411
1040 1040 3108 3107 1.6049163341522217
1040 1214 3455 3628 1.6008379459381104
1387 1734 3628 3975 1.5971437692642212
1561 867 3628 2934 1.5941855907440186
1214 1734 3455 3975 1.590598225593567
867 1214 2934 3281 1.589415431022644
1387 867 3628 3107 1.5884977579116821
1214 1561 3628 3975 1.5867457389831543
1040 1040 3455 3454 1.5858960151672363
1040 1040 3281 3281 1.5850441455841064
1214 1908 3281 3975 1.5821239948272705
1387 1908 3455 3975 1.581654667854309
1040 693 3455 3107 1.5805929899215698
1040 346 3628 2934 1.5800104141235352
867 1214 3108 3454 1.5787286758422852
867 1387 2934 3454 1.578476905822754
1214 693 3628 3107 1.5665152072906494
867 520 3281 2934 1.5637609958648682
1040 867 3108 2934 1.5628345012664795
1214 520 3628 2934 1.5621957778930664
867 520 3108 2761 1.559870958328247
1040 173 3628 2761 1.5592777729034424
1214 867 3628 3281 1.5553001165390015
1214 346 3628 2761 1.5537976026535034
1387 1561 3628 3801 1.5505459308624268
1214 0 3628 2414 1.5500624179840088
1387 1734 3455 3801 1.5492826700210571
1561 1040 3628 3107 1.5489234924316406
1040 693 3281 2934 1.5415774583816528
1387 1040 3628 3281 1.5395495891571045
867 0 3628 2761 1.538967490196228
1040 693 3108 2761 1.5381227731704712
1214 1734 3281 3801 1.5347270965576172
1387 346 3455 2414 1.5333590507507324
867 520 2934 2587 1.531690239906311
1214 173 3628 2587 1.5316476821899414
1040 0 3628 2587 1.5302211046218872
1387 1387 3628 3628 1.525145411491394
1214 1561 3455 3801 1.525054693222046
1214 1387 3628 3801 1.5208491086959839
867 346 3281 2761 1.5204956531524658
1387 520 3455 2587 1.519855260848999
1387 1561 3455 3628 1.5187016725540161
867 346 3108 2587 1.518073558807373
1561 1734 3628 3801 1.5166192054748535
1561 1561 3628 3628 1.5156348943710327
867 346 3455 2934 1.5149182081222534
1387 173 3455 2240 1.5118376016616821
1561 1908 3628 3975 1.5000040531158447
1387 693 3455 2761 1.4992175102233887
1040 1387 3108 3454 1.4975932836532593
1214 1040 3628 3454 1.497154712677002
1040 346 3281 2587 1.4938691854476929
1040 520 3281 2761 1.4925521612167358
1040 520 3455 2934 1.492117166519165
1040 1214 3108 3281 1.4899821281433105
1214 1561 3281 3628 1.4859238862991333
1040 346 3455 2761 1.4836680889129639
867 173 3455 2761 1.4828121662139893
867 346 2934 2414 1.4823893308639526
1214 1214 3628 3628 1.4779984951019287
1214 1387 3455 3628 1.4755698442459106
1214 346 3281 2414 1.4670870304107666
1040 1214 3281 3454 1.464951992034912
1040 520 3108 2587 1.462561011314392
867 173 3281 2587 1.4616096019744873
1387 867 3455 2934 1.4606224298477173
1214 520 3281 2587 1.4536200761795044
1214 346 3455 2587 1.4530633687973022
1214 867 3455 3107 1.4521903991699219
1214 173 3281 2240 1.4505574703216553
1214 693 3281 2761 1.4504188299179077
1040 173 3281 2414 1.445237159729004
1387 1040 3455 3107 1.4442572593688965
867 173 3108 2414 1.4434616565704346
1040 346 3108 2414 1.4431798458099365
1040 173 3455 2587 1.4415221214294434
1214 693 3455 2934 1.440086007118225
1214 520 3455 2761 1.43818199634552
1214 1040 3455 3281 1.4358065128326416
867 173 2934 2240 1.4353399276733398
1561 1387 3628 3454 1.4325711727142334
1214 867 3281 2934 1.4311424493789673
1214 173 3455 2414 1.4249769449234009
1561 1214 3628 3281 1.4213624000549316
1214 1040 3281 3107 1.411319613456726
867 0 3281 2414 1.4060026407241821
1387 0 3455 2067 1.4039746522903442
1387 1214 3628 3454 1.3989819288253784
1387 1387 3455 3454 1.3982658386230469
867 0 3455 2587 1.3945375680923462
1040 0 3455 2414 1.3924381732940674
1040 173 3108 2240 1.3673014640808105
1214 1387 3281 3454 1.361511468887329
1387 1214 3455 3281 1.3591066598892212
867 0 2934 2067 1.3577628135681152
867 0 3108 2240 1.3499525785446167
1214 0 3455 2240 1.3467875719070435
1214 0 3281 2067 1.3459137678146362
1214 1214 3455 3454 1.345125675201416
1214 1214 3281 3281 1.336374282836914
1040 0 3281 2240 1.3292359113693237
1040 0 3108 2067 1.3054630756378174
