222 929 5533 6485 3.5690996646881104
222 697 5533 6252 3.55452299118042
444 929 5533 6252 3.551363706588745
444 697 5533 6020 3.5391533374786377
222 464 5533 6020 3.4518754482269287
444 1162 5533 6485 3.4482738971710205
666 929 5533 6020 3.4414937496185303
444 464 5533 5787 3.405792713165283
666 697 5533 5787 3.4043009281158447
444 929 5311 6020 3.3866543769836426
888 929 5533 5787 3.362647771835327
222 1162 5533 6717 3.3586432933807373
888 697 5533 5555 3.343386650085449
666 929 5088 5555 3.3371174335479736
222 232 5533 5787 3.334135055541992
666 1162 5533 6252 3.3281421661376953
666 929 5311 5787 3.326052665710449
222 929 5311 6252 3.319287061691284
666 464 5533 5555 3.3163487911224365
888 929 5311 5555 3.3112103939056396
444 232 5533 5555 3.30747389793396
444 697 5311 5787 3.304182529449463
444 929 5088 5787 3.3041741847991943
1111 929 5533 5555 3.2958686351776123
222 697 5311 6020 3.295564651489258
0 929 5311 6485 3.2947559356689453
888 1162 5533 6020 3.2846550941467285
444 697 5088 5555 3.2817232608795166
222 1162 5311 6485 3.278794050216675
666 697 5311 5555 3.275434970855713
444 1162 5311 6252 3.274604558944702
666 1162 5311 6020 3.2500722408294678
888 1162 5088 5555 3.240184783935547
444 464 5311 5555 3.2376675605773926
444 1162 5088 6020 3.2370805740356445
222 929 5088 6020 3.236618757247925
666 1162 5088 5787 3.2317416667938232
888 1162 5311 5787 3.2248306274414062
444 929 4866 5555 3.2201900482177734
222 697 5088 5787 3.2130184173583984
222 464 5311 5787 3.2045249938964844
666 1162 4866 5555 3.2017579078674316
222 0 5533 5555 3.2013633251190186
444 1394 5533 6717 3.1985275745391846
1111 1162 5533 5787 3.1983742713928223
1111 1162 5311 5555 3.1927382946014404
0 697 5311 6252 3.1805570125579834
444 1162 4866 5787 3.170736312866211
222 1162 5088 6252 3.169703722000122
666 1394 5533 6485 3.162775754928589
1111 929 4866 4857 3.1604418754577637
0 929 5088 6252 3.1591334342956543
1111 929 5088 5090 3.1565027236938477
888 929 5088 5322 3.1559085845947266
222 464 5088 5555 3.1546618938446045
444 1394 5311 6485 3.1470515727996826
0 1162 5311 6717 3.146307945251465
0 1162 5088 6485 3.1410465240478516
0 464 5311 6020 3.137420654296875
888 1394 5533 6252 3.135779619216919
222 697 4866 5555 3.123831033706665
222 232 5311 5555 3.122680187225342
0 697 5088 6020 3.1218862533569336
888 929 4866 5090 3.1180360317230225
1333 1162 5533 5555 3.117814779281616
222 929 4866 5787 3.1173698902130127
222 1394 5533 6949 3.1160566806793213
1111 929 5311 5322 3.1127490997314453
1333 929 5088 4857 3.109231948852539
444 1394 5088 6252 3.105926752090454
666 1394 5311 6252 3.1005985736846924
666 1394 5088 6020 3.0970022678375244
1111 697 5088 4857 3.0933046340942383
888 697 5088 5090 3.0903778076171875
888 1394 5311 6020 3.086221694946289
1111 1394 5533 6020 3.083461046218872
666 697 5088 5322 3.082660436630249
1111 697 5533 5322 3.081545829772949
222 1162 4866 6020 3.0807909965515137
888 697 5311 5322 3.0756728649139404
888 1394 5088 5787 3.075127363204956
666 929 4866 5322 3.073930025100708
1333 929 5311 5090 3.0713720321655273
1333 929 4866 4625 3.0691471099853516
1111 1162 5088 5322 3.0690853595733643
0 929 4866 6020 3.065950632095337
0 464 5088 5787 3.065930128097534
444 1394 4866 6020 3.0653762817382812
0 232 5311 5787 3.0651235580444336
1111 1162 4866 5090 3.0647027492523193
1555 929 5311 4857 3.0639240741729736
888 697 4866 4857 3.0636239051818848
888 1162 4866 5322 3.063307046890259
888 1394 4866 5555 3.062924385070801
1111 1394 5088 5555 3.062474489212036
1555 929 4866 4393 3.0621869564056396
222 1394 5311 6717 3.062178134918213
222 1394 5088 6485 3.060774326324463
1333 929 5533 5322 3.058879852294922
666 1394 4866 5787 3.0576627254486084
1111 1394 5311 5787 3.056323766708374
1111 697 5311 5090 3.052812337875366
888 464 5533 5322 3.0515198707580566
1555 929 5088 4625 3.046132802963257
0 697 4866 5787 3.036864757537842
1111 697 4866 4625 3.0332391262054443
1333 1162 4866 4857 3.030642509460449
1333 697 5533 5090 3.029850959777832
1333 697 5088 4625 3.0238864421844482
666 697 4866 5090 3.022996664047241
888 464 5088 4857 3.0218560695648193
666 464 5311 5322 3.021249294281006
1333 697 5311 4857 3.0208663940429688
1555 929 5533 5090 3.0176498889923096
888 464 5311 5090 3.013404369354248
1111 464 5311 4857 3.0128555297851562
1333 697 4866 4393 3.0105090141296387
444 464 5088 5322 3.009882688522339
0 1162 4866 6252 3.009787082672119
1111 929 4644 4625 3.0094704627990723
0 232 5088 5555 3.0054574012756348
1111 464 5533 5090 3.003953218460083
1333 1162 5088 5090 3.0032882690429688
1555 929 4644 4160 3.000159502029419
1555 1162 5088 4857 2.997943878173828
666 464 5088 5090 2.9978854656219482
1333 1394 5533 5787 2.997859001159668
444 697 4866 5322 2.996577501296997
1333 1394 5311 5555 2.9960312843322754
1555 697 5088 4393 2.9953017234802246
1111 464 5088 4625 2.994959831237793
222 1394 4866 6252 2.9900870323181152
1777 929 4866 4160 2.989776849746704
1555 697 4866 4160 2.9874022006988525
1555 697 5533 4857 2.9855661392211914
666 232 5533 5322 2.985149621963501
1333 1162 5311 5322 2.9827215671539307
0 464 4866 5555 2.981102705001831
1555 1162 4866 4625 2.976898670196533
1333 464 5088 4393 2.976623296737671
1333 929 4644 4393 2.9663493633270264
1555 1162 5311 5090 2.965451240539551
1111 464 4866 4393 2.9650228023529053
1333 464 5533 4857 2.9640302658081055
1555 697 5311 4625 2.961634874343872
0 1394 5088 6717 2.9597179889678955
666 464 4866 4857 2.95949387550354
1333 464 5311 4625 2.9559381008148193
1111 1162 4644 4857 2.955761671066284
1777 929 5088 4393 2.9548678398132324
888 232 5533 5090 2.949638605117798
1333 464 4866 4160 2.9474170207977295
888 464 4866 4625 2.945701837539673
888 232 5311 4857 2.9452931880950928
1777 929 4644 3928 2.945014238357544
1111 232 5533 4857 2.9417552947998047
0 0 5311 5555 2.9416921138763428
1555 464 5088 4160 2.940795421600342
1111 1394 4866 5322 2.9399209022521973
888 929 4644 4857 2.9394521713256836
444 464 4866 5090 2.9334897994995117
1111 232 5311 4625 2.929584503173828
0 1394 5311 6949 2.9280622005462646
1555 1394 5533 5555 2.9279286861419678
0 1394 4866 6485 2.927210569381714
444 232 5311 5322 2.9263172149658203
1555 1162 5533 5322 2.926295280456543
1777 697 4866 3928 2.9258880615234375
1555 929 4422 3928 2.9239730834960938
444 1162 4644 5555 2.921477794647217
1555 464 5311 4393 2.9203383922576904
1555 464 4866 3928 2.918872594833374
1111 697 4644 4393 2.917401075363159
666 232 5311 5090 2.915503740310669
1111 929 4422 4393 2.9138221740722656
1555 464 5533 4625 2.9130032062530518
666 232 5088 4857 2.9124815464019775
444 0 5533 5322 2.91156005859375
1777 929 5311 4625 2.9106268882751465
1333 697 4644 4160 2.908207654953003
1555 1162 4644 4393 2.9081859588623047
1111 232 5088 4393 2.904021739959717
1333 929 4422 4160 2.903667688369751
1333 232 5311 4393 2.902243137359619
1333 1394 5088 5322 2.902141809463501
888 232 5088 4625 2.898671865463257
1777 697 5088 4160 2.89768648147583
1333 1394 4866 5090 2.8969027996063232
1777 1162 4866 4393 2.8963916301727295
1555 697 4644 3928 2.8962905406951904
444 232 5088 5090 2.8959531784057617
888 1162 4644 5090 2.894028425216675
222 232 5088 5322 2.891618490219116
222 464 4866 5322 2.890489339828491
1777 697 4644 3695 2.887935161590576
1333 232 5088 4160 2.8866140842437744
1333 1162 4644 4625 2.886174201965332
1111 464 4644 4160 2.8859405517578125
1333 232 5533 4625 2.8849258422851562
2000 929 4866 3928 2.884920835494995
1555 1394 4866 4857 2.8844926357269287
1111 232 4866 4160 2.8805489540100098
1111 929 4200 4160 2.8797402381896973
888 0 5533 4857 2.879533290863037
1111 0 4866 3928 2.8793575763702393
1777 1162 4644 4160 2.8775603771209717
1555 1394 5088 5090 2.8772215843200684
1111 0 4644 3695 2.8758246898651123
888 0 5311 4625 2.871907949447632
222 929 4644 5555 2.8718581199645996
1111 1162 4422 4625 2.8713431358337402
1333 232 4866 3928 2.865912914276123
666 1394 4644 5555 2.864668607711792
1777 929 5533 4857 2.8629133701324463
444 232 4866 4857 2.8628597259521484
1333 464 4644 3928 2.8623366355895996
1777 697 5311 4393 2.8623132705688477
1777 1162 5311 4857 2.8621041774749756
1777 1162 5088 4625 2.8619384765625
1555 1162 4422 4160 2.861417531967163
1555 232 5088 3928 2.8612382411956787
888 232 4866 4393 2.8603923320770264
666 0 5533 5090 2.8601694107055664
1111 0 5088 4160 2.860062599182129
666 929 4644 5090 2.8575620651245117
1555 1394 5311 5322 2.8554043769836426
888 697 4644 4625 2.855048179626465
666 0 5311 4857 2.854731798171997
2000 929 5088 4160 2.854511260986328
1333 697 4422 3928 2.854367971420288
1111 0 5311 4393 2.853658437728882
1333 929 4200 3928 2.8518331050872803
222 1162 4644 5787 2.847416877746582
2000 1162 4866 4160 2.844743490219116
1777 697 5533 4625 2.842771530151367
888 0 5088 4393 2.839756965637207
1111 697 4422 4160 2.8395140171051025
1111 0 5533 4625 2.8376402854919434
666 1162 4644 5322 2.8375868797302246
888 0 4866 4160 2.836509943008423
888 929 4422 4625 2.833925724029541
1111 1162 4200 4393 2.832423686981201
1555 232 5311 4160 2.831958770751953
1555 232 5533 4393 2.8308522701263428
1777 464 4866 3695 2.8296432495117188
1777 464 5088 3928 2.82922101020813
1555 464 4644 3695 2.828984260559082
1111 1394 4644 5090 2.828920364379883
888 464 4644 4393 2.8269951343536377
1333 0 5088 3928 2.826460838317871
1555 697 4422 3695 2.8257529735565186
1333 1162 4422 4393 2.8256802558898926
444 1394 4644 5787 2.8248744010925293
1111 232 4644 3928 2.8245577812194824
444 0 5088 4857 2.8236336708068848
666 232 4866 4625 2.822239637374878
444 929 4644 5322 2.8215224742889404
666 697 4644 4857 2.819164276123047
1333 0 4866 3695 2.818713903427124
444 0 5311 5090 2.816945791244507
666 0 5088 4625 2.81361722946167
1777 464 4644 3463 2.8127264976501465
888 1394 4644 5322 2.8118066787719727
888 1162 4422 4857 2.8114511966705322
1111 464 4422 3928 2.809053421020508
1333 0 5311 4160 2.808851718902588
2000 1162 5088 4393 2.8086535930633545
2000 929 5311 4393 2.808295726776123
888 929 4200 4393 2.8081917762756348
222 232 4866 5090 2.8080379962921143
1111 697 4200 3928 2.8073973655700684
1777 464 5533 4393 2.8065600395202637
222 0 5311 5322 2.8064470291137695
1333 232 4644 3695 2.804678201675415
1555 232 4866 3695 2.7971348762512207
444 697 4644 5090 2.7959938049316406
666 929 4422 4857 2.7948553562164307
1333 1162 4200 4160 2.7943546772003174
666 1627 5088 6252 2.7937777042388916
888 0 4644 3928 2.7925009727478027
1111 0 4422 3463 2.7923388481140137
1555 232 4644 3463 2.7909646034240723
0 929 4644 5787 2.7905611991882324
1777 464 5311 4160 2.7895352840423584
1777 1394 5088 4857 2.7889485359191895
666 1627 5311 6485 2.7882795333862305
1333 1394 4644 4857 2.7867465019226074
888 1627 5311 6252 2.7853844165802
888 1627 5088 6020 2.785278558731079
1111 1627 5311 6020 2.7841811180114746
1333 464 4422 3695 2.7831003665924072
1555 0 5311 3928 2.7827768325805664
1333 697 4200 3695 2.782161235809326
222 0 5088 5090 2.7820229530334473
1333 232 4422 3463 2.7815639972686768
666 0 4866 4393 2.780946731567383
2000 697 5088 3928 2.7807891368865967
2000 697 4866 3695 2.7800397872924805
1777 1162 5533 5090 2.776115655899048
888 697 4422 4393 2.7740402221679688
1555 1394 4644 4625 2.773784875869751
0 697 4644 5555 2.773347854614258
444 1627 5088 6485 2.7725107669830322
1111 1627 5088 5787 2.7720346450805664
2000 929 5533 4625 2.771700620651245
1555 464 4422 3463 2.771636962890625
888 232 4644 4160 2.771592378616333
222 1394 4644 6020 2.7713122367858887
1333 0 5533 4393 2.771101713180542
1333 0 4644 3463 2.767488956451416
1111 1627 5533 6252 2.7670037746429443
888 1627 4866 5787 2.766131639480591
666 1627 4866 6020 2.765833854675293
888 1162 4200 4625 2.765794277191162
1777 1394 4866 4625 2.7650675773620605
444 1394 4422 5555 2.763627767562866
0 1162 4644 6020 2.762985944747925
1111 232 4422 3695 2.7622334957122803
1111 1394 4422 4857 2.7616238594055176
222 1162 4422 5555 2.761584997177124
666 1162 4422 5090 2.7558937072753906
444 0 4866 4625 2.7558720111846924
666 464 4644 4625 2.754683494567871
888 464 4422 4160 2.7543251514434814
2222 929 5088 3928 2.7527472972869873
888 697 4200 4160 2.7516891956329346
1111 464 4200 3695 2.751321315765381
1555 0 5088 3695 2.7501628398895264
444 1627 5311 6717 2.748941659927368
1777 1394 5311 5090 2.748439073562622
2000 697 5533 4393 2.748410224914551
2000 1162 5311 4625 2.7482962608337402
444 929 4422 5090 2.7472007274627686
1111 1627 4866 5555 2.746910333633423
888 2324 4866 6485 2.74593448638916
444 1627 4866 6252 2.743682861328125
0 232 4866 5322 2.742779493331909
444 464 4644 4857 2.7418718338012695
222 697 4644 5322 2.741792917251587
1111 2324 5088 6485 2.7415575981140137
222 0 4866 4857 2.741264581680298
666 929 4200 4625 2.741203546524048
1777 232 4866 3463 2.7400994300842285
1777 1394 4644 4393 2.7392170429229736
1333 464 4200 3463 2.736130952835083
1555 0 5533 4160 2.7357571125030518
888 1627 5533 6485 2.733461856842041
1111 232 4200 3463 2.73313045501709
888 0 4422 3695 2.732144355773926
1111 2324 4866 6252 2.7304697036743164
1777 232 5088 3695 2.7303013801574707
2000 1394 4866 4393 2.7298452854156494
2222 929 5533 4393 2.72967267036438
2222 929 5311 4160 2.7296173572540283
1555 232 4422 3230 2.7293176651000977
1777 232 4644 3230 2.72861647605896
1555 0 4866 3463 2.72826886177063
444 1162 4422 5322 2.727372407913208
2222 1162 5088 4160 2.7269341945648193
666 697 4422 4625 2.7261765003204346
0 0 5088 5322 2.725860834121704
2000 697 5311 4160 2.725008249282837
2000 1162 5533 4857 2.7246408462524414
888 1394 4422 5090 2.723424196243286
1555 1394 4422 4393 2.7221274375915527
1111 2324 5311 6717 2.7214136123657227
888 464 4200 3928 2.720848321914673
666 1162 4200 4857 2.7206854820251465
888 2324 5088 6717 2.7193713188171387
444 697 4422 4857 2.717481851577759
1111 1394 4200 4625 2.716470718383789
1777 232 5533 4160 2.7146289348602295
1111 2091 5311 6485 2.7143561840057373
1777 232 5311 3928 2.7134456634521484
1111 2091 5088 6252 2.7122838497161865
1333 1627 5311 5787 2.711885690689087
222 1627 5311 6949 2.711459159851074
888 232 4422 3928 2.710584878921509
1333 1627 5088 5555 2.7101211547851562
1333 2324 5088 6252 2.707939386367798
0 929 4422 5555 2.707332134246826
666 0 4644 4160 2.7063841819763184
666 1627 5533 6717 2.7055187225341797
888 2091 4866 6252 2.705251932144165
2222 1162 5311 4393 2.7047832012176514
2000 1394 5088 4625 2.7047386169433594
666 232 4644 4393 2.704094648361206
1333 232 4200 3230 2.7030980587005615
222 1394 4422 5787 2.7026126384735107
2000 464 4866 3463 2.7023818492889404
666 2324 4866 6717 2.7019906044006348
1333 2324 5311 6485 2.701921224594116
1333 1394 4422 4625 2.701889991760254
1111 1859 5311 6252 2.700730085372925
888 2091 5088 6485 2.7005207538604736
666 1394 4422 5322 2.699544668197632
0 1394 4644 6252 2.6986477375030518
2000 464 5533 4160 2.6977131366729736
444 1627 5533 6949 2.6969285011291504
222 1627 5088 6717 2.6964755058288574
666 464 4422 4393 2.696363925933838
2000 1394 5311 4857 2.696086883544922
1111 929 3977 3928 2.6948492527008057
888 1859 5088 6252 2.691256523132324
666 697 4200 4393 2.690448045730591
0 1162 4422 5787 2.6901679039001465
1333 1627 5533 6020 2.689856767654419
888 1394 4200 4857 2.6894173622131348
666 2091 4866 6485 2.689157009124756
666 2324 5088 6949 2.6873440742492676
1111 0 4200 3230 2.686345100402832
2000 464 5088 3695 2.6862523555755615
666 1859 5088 6485 2.6853318214416504
1777 1394 5533 5322 2.6842169761657715
1333 0 4422 3230 2.6832544803619385
222 464 4644 5090 2.6832261085510254
222 1627 4866 6485 2.682706832885742
444 929 4200 4857 2.680119037628174
1111 1859 5088 6020 2.679216146469116
1333 2091 5311 6252 2.679163932800293
888 2324 5311 6949 2.679119110107422
888 232 4200 3695 2.6790273189544678
666 1859 4866 6252 2.6758222579956055
888 2091 5311 6717 2.6756203174591064
666 2091 5088 6717 2.675358533859253
444 232 4644 4625 2.6749420166015625
888 1859 4866 6020 2.6747584342956543
666 464 4200 4160 2.6743228435516357
1333 2324 4866 6020 2.67429518699646
1555 2324 5088 6020 2.6728708744049072
1333 1394 4200 4393 2.671811819076538
888 1859 5311 6485 2.6717824935913086
1555 0 4644 3230 2.6711578369140625
1111 2091 4866 6020 2.6710944175720215
888 0 4200 3463 2.670847177505493
2222 697 5533 4160 2.670060396194458
444 0 4644 4393 2.6682610511779785
1555 2324 5311 6252 2.6675000190734863
1555 1627 5311 5555 2.66540789604187
666 0 4422 3928 2.6649575233459473
0 0 4866 5090 2.664829730987549
2666 929 5533 3928 2.663973808288574
2000 464 5311 3928 2.6626062393188477
222 929 4422 5322 2.66216778755188
222 1627 5533 7182 2.6619184017181396
1333 2091 5088 6020 2.6618268489837646
1111 1162 3977 4160 2.661327600479126
2222 1162 5533 4625 2.659356117248535
1111 697 3977 3695 2.6586861610412598
444 464 4422 4625 2.6581201553344727
666 2324 5311 7182 2.6571621894836426
2222 697 5088 3695 2.656498908996582
666 1859 5311 6717 2.654372453689575
666 232 4422 4160 2.6542277336120605
1111 2324 5533 6949 2.653956890106201
1333 2324 5533 6717 2.653947591781616
666 2091 5311 6949 2.6533310413360596
2222 1394 5088 4393 2.653268814086914
444 1162 4200 5090 2.6512138843536377
666 1394 4200 5090 2.6500113010406494
888 1162 3755 4160 2.6484298706054688
1333 1859 5311 6020 2.6480510234832764
2222 697 5311 3928 2.6469457149505615
1111 1859 4866 5787 2.646886110305786
888 929 3755 3928 2.6461360454559326
888 1627 4644 5555 2.6441144943237305
222 697 4422 5090 2.643664836883545
888 2324 4644 6252 2.6436352729797363
444 1859 5088 6717 2.6431217193603516
1111 2091 5533 6717 2.639241933822632
888 929 3977 4160 2.6385111808776855
1111 1859 5533 6485 2.638467788696289
0 1162 4200 5555 2.6382181644439697
1333 2091 5533 6485 2.6365275382995605
2000 232 5533 3928 2.6357998847961426
444 1859 4866 6485 2.634706735610962
0 1394 4422 6020 2.634265184402466
2222 464 5533 3928 2.6342554092407227
666 0 4200 3695 2.6339588165283203
2444 929 5533 4160 2.633598804473877
2444 929 5311 3928 2.632838487625122
1333 1859 5088 5787 2.6315813064575195
1777 0 5533 3928 2.631312131881714
2666 697 5533 3695 2.6305227279663086
1111 2324 4644 6020 2.6291723251342773
222 1394 4200 5555 2.629032850265503
1555 1627 5533 5787 2.6286017894744873
1777 0 5088 3463 2.628356456756592
2000 1394 5533 5090 2.628066062927246
1555 2324 4866 5787 2.6274161338806152
666 232 4200 3928 2.626993417739868
1555 2091 5311 6020 2.626802682876587
1333 2091 4866 5787 2.6260437965393066
444 2091 5088 6949 2.6242566108703613
2222 1394 5311 4625 2.623903274536133
444 697 4200 4625 2.622690439224243
1333 1627 4866 5322 2.621112108230591
2000 232 4866 3230 2.621093511581421
1333 1859 5533 6252 2.620781898498535
444 1859 5311 6949 2.6204938888549805
444 2324 5088 7182 2.620363235473633
444 1394 4200 5322 2.619691848754883
222 232 4644 4857 2.6196634769439697
444 2091 4866 6717 2.619579553604126
1555 2091 5088 5787 2.619438648223877
2444 697 5533 3928 2.618799924850464
444 0 4422 4160 2.618455410003662
444 232 4422 4393 2.617671012878418
1555 2324 5533 6485 2.616847038269043
888 2324 5533 7182 2.6166908740997314
888 697 3755 3695 2.6152303218841553
444 2324 4866 6949 2.614278554916382
2000 232 5088 3463 2.614246129989624
1555 1627 5088 5322 2.6137959957122803
0 464 4644 5322 2.613316535949707
666 1627 4644 5787 2.610194683074951
1111 464 3977 3463 2.6094539165496826
888 2091 5533 6949 2.608886957168579
888 1859 5533 6717 2.6085047721862793
2666 1162 5533 4160 2.6076784133911133
2444 1162 5311 4160 2.6072611808776855
1777 0 5311 3695 2.605869770050049
2222 1394 5533 4857 2.6050758361816406
1333 1859 4866 5555 2.603024959564209
1555 1627 4866 5090 2.6028969287872314
0 1627 5088 6949 2.6028292179107666
1555 2091 5533 6252 2.6014492511749268
666 2324 4644 6485 2.6014304161071777
888 2556 4866 6717 2.5971529483795166
888 1162 3977 4393 2.5954363346099854
444 464 4200 4393 2.594677209854126
2666 464 5533 3463 2.594337224960327
1777 0 4866 3230 2.5939340591430664
2222 464 5088 3463 2.593245267868042
888 697 3977 3928 2.5926127433776855
444 2091 5311 7182 2.5914032459259033
1555 1859 5311 5787 2.589780569076538
1111 2789 4866 6717 2.5893590450286865
1555 1859 5088 5555 2.5892584323883057
0 1627 4866 6717 2.588982343673706
1555 2091 4866 5555 2.5880582332611084
222 464 4422 4857 2.58768892288208
2444 1162 5533 4393 2.5872042179107666
444 1627 4644 6020 2.586686849594116
0 1627 5311 7182 2.586519718170166
888 2789 4866 6949 2.5854203701019287
1111 1627 4644 5322 2.5847251415252686
222 929 4200 5090 2.5835816860198975
888 2091 4644 6020 2.58310866355896
0 1394 4200 5787 2.582610607147217
1333 2556 4866 6252 2.582252025604248
222 0 4644 4625 2.581571340560913
1111 2556 5088 6717 2.581009864807129
1111 2556 4866 6485 2.5809032917022705
666 929 3755 4160 2.579441785812378
222 1859 5088 6949 2.578781843185425
2000 232 5311 3695 2.5783610343933105
666 1859 5533 6949 2.576873779296875
222 1162 4200 5322 2.5750699043273926
0 697 4422 5322 2.571580410003662
666 2091 4644 6252 2.5715301036834717
1111 2091 4644 5787 2.569070816040039
1111 232 3977 3230 2.56839919090271
888 464 3977 3695 2.568275213241577
222 1859 5311 7182 2.5680553913116455
1333 2789 5088 6717 2.5678393840789795
444 232 4200 4160 2.5677425861358643
2444 697 5311 3695 2.566328525543213
2222 464 5311 3695 2.565173864364624
1333 2789 4866 6485 2.564004421234131
2222 232 5533 3695 2.5622317790985107
1555 2789 4866 6252 2.561711549758911
1555 0 4422 2998 2.561321258544922
1333 3021 4866 6717 2.560847759246826
444 0 4200 3928 2.560150623321533
1555 2556 5088 6252 2.5585532188415527
222 1859 4866 6717 2.558363437652588
888 1859 4644 5787 2.5582191944122314
1333 2556 5088 6485 2.55775785446167
1555 1859 5533 6020 2.556617259979248
666 1162 3755 4393 2.556424617767334
666 929 3977 4393 2.556302309036255
1333 0 4200 2998 2.556013584136963
2444 464 5533 3695 2.5559911727905273
1111 2789 5088 6949 2.5558347702026367
1777 2324 5311 6020 2.555243730545044
1777 1627 4866 4857 2.5533883571624756
888 464 3755 3463 2.552626132965088
222 1627 4644 6252 2.5503666400909424
888 2556 5088 6949 2.5503194332122803
666 1859 4644 6020 2.5500197410583496
1555 2789 5088 6485 2.5499374866485596
1777 1627 5088 5090 2.549865484237671
1555 3021 4866 6485 2.5497725009918213
666 2091 5533 7182 2.549258232116699
222 697 4200 4857 2.5478031635284424
888 2324 4422 6020 2.5475175380706787
1777 2324 5088 5787 2.5464367866516113
1111 3021 4866 6949 2.54586124420166
1333 2324 4644 5787 2.54528546333313
2444 1394 5311 4393 2.5446889400482178
1333 2556 5311 6717 2.5445661544799805
888 232 3977 3463 2.544340133666992
1555 3021 5088 6717 2.544126510620117
1555 1627 4644 4857 2.5440597534179688
444 1627 4422 5787 2.541485548019409
1111 2556 5311 6949 2.541222095489502
1555 2556 4866 6020 2.5410473346710205
1111 1859 4644 5555 2.54093861579895
222 2091 5088 7182 2.539415121078491
0 929 4200 5322 2.538905143737793
0 232 4644 5090 2.5386831760406494
888 1394 3755 4393 2.53863263130188
1111 2324 4422 5787 2.538013458251953
666 1627 4422 5555 2.5379533767700195
1333 1627 4644 5090 2.537158727645874
222 2324 4866 7182 2.5368082523345947
1111 1394 3977 4393 2.5367660522460938
222 2091 4866 6949 2.5365099906921387
666 2324 4422 6252 2.5359203815460205
666 2556 4866 6949 2.53490948677063
1777 2324 5533 6252 2.532362222671509
444 1859 5533 7182 2.5290753841400146
1333 3021 5088 6949 2.5290355682373047
222 232 4422 4625 2.526984453201294
2222 232 5088 3230 2.5263307094573975
2000 0 5533 3695 2.5254881381988525
2000 1627 5088 4857 2.523813247680664
1111 3021 4644 6717 2.5221333503723145
1777 2324 4866 5555 2.522007942199707
1777 0 4644 2998 2.520754098892212
1111 2556 4644 6252 2.520615816116333
888 3021 4866 7182 2.520359754562378
1333 2789 5311 6949 2.519629955291748
666 1162 3977 4625 2.5196213722229004
1777 1627 5311 5322 2.5187880992889404
888 232 3755 3230 2.5168955326080322
2666 232 5533 3230 2.5168185234069824
2666 1394 5533 4393 2.5158498287200928
0 464 4422 5090 2.5153987407684326
1111 2789 4644 6485 2.515018939971924
666 1162 3533 4160 2.5149941444396973
1777 2091 5088 5555 2.5146303176879883
666 929 3533 3928 2.5137040615081787
2222 232 5311 3463 2.5134146213531494
2000 1627 4866 4625 2.5126469135284424
1111 1627 4422 5090 2.512481927871704
666 2789 4866 7182 2.5121047496795654
666 697 3755 3928 2.5120131969451904
2444 232 5533 3463 2.5113322734832764
888 2789 5088 7182 2.5105886459350586
2444 464 5311 3463 2.510573387145996
1777 1627 5533 5555 2.5104644298553467
1333 2091 4644 5555 2.5102362632751465
1555 2789 5311 6717 2.5101022720336914
444 1859 4644 6252 2.5088956356048584
1777 2091 5311 5787 2.508884906768799
444 2324 4422 6485 2.508234977722168
1555 2556 5311 6485 2.508155345916748
1555 2324 4644 5555 2.5070202350616455
888 0 3977 3230 2.5069568157196045
1777 1627 4644 4625 2.5068089962005615
0 697 4200 5090 2.5050880908966064
888 2789 4644 6717 2.504974365234375
888 1627 4422 5322 2.5049290657043457
444 2324 4644 6717 2.504488229751587
2000 0 5088 3230 2.5042665004730225
888 2091 4422 5787 2.5040645599365234
222 0 4422 4393 2.5031557083129883
666 2556 5088 7182 2.502361536026001
666 464 3755 3695 2.5016849040985107
1777 3021 4866 6252 2.501312255859375
1777 3021 5088 6485 2.5008256435394287
666 697 3977 4160 2.5005838871002197
1333 2556 5533 6949 2.497011184692383
444 2091 4422 6252 2.4964728355407715
222 1627 4422 6020 2.4963321685791016
444 2091 4644 6485 2.495478868484497
2000 0 5311 3463 2.495103120803833
888 2324 4200 5787 2.4944727420806885
2444 1394 5533 4625 2.4944136142730713
1777 2789 5088 6252 2.4940733909606934
2000 2324 5533 6020 2.4934959411621094
222 464 4200 4625 2.49287748336792
666 2324 4200 6020 2.4923648834228516
1111 2091 4422 5555 2.492307662963867
1777 2091 5533 6020 2.491764783859253
1555 1859 4866 5322 2.491734504699707
666 2091 4422 6020 2.4902265071868896
2000 2324 5311 5787 2.490030288696289
888 1394 3977 4625 2.486415386199951
444 1627 4200 5555 2.4863967895507812
1111 3021 5088 7182 2.4862349033355713
666 464 3977 3928 2.4861536026000977
888 2556 4644 6485 2.4854609966278076
1111 2789 5311 7182 2.4837911128997803
2000 2324 5088 5555 2.483781576156616
1111 2324 4200 5555 2.483470916748047
1111 0 3977 2998 2.482952356338501
1555 1627 4422 4625 2.48220157623291
1333 1627 4422 4857 2.481210708618164
0 0 4644 4857 2.480888843536377
444 2324 4200 6252 2.4808387756347656
666 1394 3755 4625 2.4807393550872803
888 1859 4422 5555 2.4805853366851807
444 1859 4422 6020 2.479396343231201
1111 2556 5533 7182 2.4793403148651123
1777 2789 4866 6020 2.4791982173919678
2000 3021 5088 6252 2.479161024093628
1777 1859 5311 5555 2.4789340496063232
1111 3021 4422 6485 2.4778363704681396
888 2556 5311 7182 2.477562665939331
1333 3021 4644 6485 2.47707462310791
1555 2556 5533 6717 2.476547956466675
2222 0 5533 3463 2.4764652252197266
2000 1627 5311 5090 2.475870370864868
0 1859 4866 6949 2.474989891052246
1333 2324 4422 5555 2.4742395877838135
666 232 3977 3695 2.473615884780884
1333 3021 5311 7182 2.473367929458618
1777 2556 5088 6020 2.4724085330963135
0 1859 5088 7182 2.472010374069214
666 1859 4422 5787 2.47176456451416
1111 1627 4200 4857 2.4708635807037354
2000 3021 5311 6485 2.470773458480835
888 3021 4644 6949 2.470017194747925
444 929 3755 4393 2.4690017700195312
666 232 3755 3463 2.468269109725952
666 0 3977 3463 2.4679951667785645
1777 2789 5311 6485 2.465208053588867
1333 2789 4644 6252 2.463776111602783
1111 2789 4422 6252 2.463512420654297
1555 3021 5311 6949 2.462496042251587
2000 3021 4866 6020 2.4618887901306152
0 1627 4644 6485 2.461352825164795
2222 1627 5088 4625 2.4613289833068848
888 1627 4200 5090 2.4597885608673096
666 697 3533 3695 2.4593441486358643
2000 3254 4866 6252 2.458838701248169
1777 2556 5311 6252 2.4583513736724854
1777 3021 5311 6717 2.457451343536377
0 464 4200 4857 2.457026958465576
666 2091 4200 5787 2.4561376571655273
888 3021 4422 6717 2.4559972286224365
1555 3254 4866 6717 2.455334186553955
222 1859 4644 6485 2.4547743797302246
444 1162 3755 4625 2.4540493488311768
2222 1627 5311 4857 2.453782081604004
1333 2789 5533 7182 2.4536495208740234
888 2091 4200 5555 2.452754259109497
1111 3021 4200 6252 2.451728582382202
2222 3021 5311 6252 2.451673746109009
2222 3254 5088 6252 2.4511878490448
666 1394 3533 4393 2.4506759643554688
1555 3021 4644 6252 2.450620174407959
444 2556 4866 7182 2.449716329574585
222 232 4200 4393 2.449608087539673
2000 2789 5311 6252 2.4495506286621094
444 929 3977 4625 2.4490230083465576
2444 232 5311 3230 2.449000120162964
2000 2789 5088 6020 2.4489669799804688
2222 2324 5311 5555 2.4484622478485107
1777 3254 4866 6485 2.4482181072235107
222 0 4200 4160 2.4470949172973633
666 1627 4200 5322 2.446930408477783
222 2091 4644 6717 2.446831703186035
2000 2091 5311 5555 2.4460947513580322
888 2789 4422 6485 2.4460554122924805
1777 3254 5088 6717 2.445704460144043
1555 2789 5533 6949 2.4456889629364014
1777 1859 5533 5787 2.4452881813049316
2222 3021 5088 6020 2.444638252258301
2000 3254 5088 6485 2.4441139698028564
2222 2324 5533 5787 2.443635940551758
888 3021 4200 6485 2.443312406539917
2000 0 4866 2998 2.443079948425293
1777 1859 5088 5322 2.4429261684417725
0 232 4422 4857 2.442537307739258
222 2324 4644 6949 2.4414753913879395
1777 2556 4866 5787 2.4408118724823
222 1859 4422 6252 2.4404163360595703
444 2091 4200 6020 2.4395506381988525
666 0 3755 3230 2.439220428466797
666 2556 4644 6717 2.439121723175049
1777 2091 4866 5322 2.4389777183532715
1333 2556 4644 6020 2.438910722732544
888 0 3755 2998 2.4389102458953857
0 2091 4866 7182 2.4384853839874268
2000 2324 4866 5322 2.437624931335449
1333 1627 4200 4625 2.4351413249969482
1777 2789 5533 6717 2.433922290802002
2000 2091 5533 5787 2.4337546825408936
1555 2789 4644 6020 2.433204412460327
2444 3021 5311 6020 2.433197498321533
1333 3021 4422 6252 2.43088436126709
1333 1859 4644 5322 2.430788516998291
2444 3254 5311 6252 2.430410385131836
222 2324 4422 6717 2.4301464557647705
888 2556 4422 6252 2.428710460662842
1333 3254 4866 6949 2.4285683631896973
666 1859 4200 5555 2.4282193183898926
222 1627 4200 5787 2.4280853271484375
1111 2556 4422 6020 2.427987813949585
666 2789 4644 6949 2.4276888370513916
2222 0 5311 3230 2.425893545150757
222 2091 4422 6485 2.4255378246307373
2222 3254 5311 6485 2.4254157543182373
2000 2789 4866 5787 2.4251561164855957
1777 2556 5533 6485 2.425112009048462
1777 1859 4866 5090 2.4250528812408447
1111 1859 4422 5322 2.424849271774292
2000 2556 5311 6020 2.4244141578674316
666 1394 3977 4857 2.424356460571289
444 1859 4200 5787 2.4229273796081543
888 2789 4200 6252 2.4228079319000244
1555 3254 5088 6949 2.4223873615264893
444 1162 3977 4857 2.4217240810394287
2222 2789 5311 6020 2.4216463565826416
2000 2091 5088 5322 2.4213831424713135
2000 2789 5533 6485 2.4204044342041016
1111 2789 4200 6020 2.420377016067505
444 697 3755 4160 2.418609857559204
1555 2091 4644 5322 2.4185798168182373
2000 3486 4866 6485 2.4179742336273193
0 1627 4422 6252 2.417567491531372
2222 3486 5088 6485 2.417401075363159
2000 2556 5533 6252 2.4151337146759033
2000 3254 5311 6717 2.415001153945923
2000 3021 5533 6717 2.4137485027313232
2000 1627 5533 5322 2.4136810302734375
2222 2324 5088 5322 2.413330554962158
2222 3021 5533 6485 2.4131124019622803
2222 2789 5533 6252 2.4124763011932373
666 3021 4200 6717 2.4116663932800293
1555 1859 4644 5090 2.4114584922790527
222 2324 4200 6485 2.4079129695892334
666 464 3533 3463 2.4075167179107666
2444 3486 5311 6485 2.407175064086914
1333 2789 4422 6020 2.407146692276001
1777 3486 4866 6717 2.406790018081665
2000 3486 5088 6717 2.406404733657837
2444 3021 5533 6252 2.4053826332092285
2000 2091 4866 5090 2.4045913219451904
1777 3021 5533 6949 2.4044086933135986
2666 3021 5533 6020 2.4031763076782227
444 464 3755 3928 2.403134346008301
2000 1859 5088 5090 2.402864694595337
444 697 3977 4393 2.402862071990967
2000 2556 5088 5787 2.4024009704589844
444 464 3977 4160 2.402108907699585
2222 2789 5088 5787 2.401874542236328
666 2789 4422 6717 2.4014651775360107
0 0 4422 4625 2.4005093574523926
2000 1859 4866 4857 2.3991448879241943
1555 2556 4644 5787 2.3990607261657715
444 929 3533 4160 2.398522138595581
2666 3254 5533 6252 2.393873929977417
444 1162 3533 4393 2.3937859535217285
1333 3254 4644 6717 2.3933980464935303
1555 3021 5533 7182 2.3924953937530518
2222 2091 5533 5555 2.39213228225708
444 232 3755 3695 2.391355037689209
0 232 4200 4625 2.390838146209717
222 2091 4200 6252 2.3905792236328125
666 2789 4200 6485 2.3893063068389893
2222 1627 5533 5090 2.3892576694488525
2444 1627 5311 4625 2.3891994953155518
888 1859 4200 5322 2.3887290954589844
1555 3021 4422 6020 2.387519121170044
2444 2789 5311 5787 2.3865983486175537
2444 2789 5533 6020 2.3862881660461426
1777 2324 4644 5322 2.385589361190796
1333 3254 5088 7182 2.385255813598633
444 1394 3755 4857 2.3851699829101562
666 2556 4422 6485 2.3846492767333984
2000 1859 5533 5555 2.384392738342285
1111 3254 4422 6717 2.384382724761963
666 3021 4422 6949 2.3843131065368652
2222 2556 5533 6020 2.384239912033081
1555 3254 4644 6485 2.3841614723205566
1111 3254 4200 6485 2.3839709758758545
1111 3254 4866 7182 2.3838589191436768
888 2556 4200 6020 2.383530855178833
2222 2091 5311 5322 2.3832383155822754
1111 1859 4200 5090 2.3828134536743164
444 0 3977 3695 2.3824212551116943
1111 2091 4200 5322 2.382112979888916
1777 3021 4644 6020 2.3820433616638184
1111 3254 4644 6949 2.3815996646881104
1333 3021 4200 6020 2.3814878463745117
2444 2324 5533 5555 2.380772113800049
2222 3486 5311 6717 2.3802547454833984
222 1859 4200 6020 2.37996244430542
2444 3254 5533 6485 2.3798062801361084
2444 2324 5311 5322 2.3796639442443848
666 2556 4200 6252 2.3796286582946777
1777 3254 5311 6949 2.3795838356018066
2222 2091 5088 5090 2.378438711166382
2000 1859 5311 5322 2.3784162998199463
2000 2556 4866 5555 2.3761515617370605
1555 2324 4422 5322 2.376126766204834
2000 3719 4866 6717 2.37569260597229
1777 3486 5088 6949 2.3747241497039795
2222 3719 5088 6717 2.3744688034057617
444 232 3977 3928 2.3743364810943604
0 1627 4200 6020 2.373934745788574
0 0 4200 4393 2.372955322265625
2222 2556 5311 5787 2.3728482723236084
444 1162 3311 4160 2.372284412384033
444 1394 3977 5090 2.371835470199585
666 3021 4644 7182 2.371544122695923
1333 3254 4422 6485 2.3713042736053467
666 232 3533 3230 2.369258165359497
444 2556 4422 6717 2.368201971054077
1555 3486 4866 6949 2.3673746585845947
1333 2091 4422 5322 2.366938591003418
2222 1859 5088 4857 2.366875410079956
1111 2556 4200 5787 2.3653297424316406
1333 2556 4422 5787 2.3649797439575195
444 0 3755 3463 2.362989664077759
1555 2789 4422 5787 2.3620526790618896
444 929 3311 3928 2.3620243072509766
2222 3254 5533 6717 2.3614513874053955
1777 1859 4644 4857 2.361114978790283
222 929 3755 4625 2.3608245849609375
444 2789 4422 6949 2.360077142715454
1777 3254 4644 6252 2.359696865081787
2444 0 5533 3230 2.3595528602600098
1333 1859 4422 5090 2.359081506729126
1777 2091 4644 5090 2.3584389686584473
1777 2789 4644 5787 2.35790753364563
0 1859 4644 6717 2.3567731380462646
2222 0 5088 2998 2.3566172122955322
0 1394 3977 5555 2.3554494380950928
444 1394 3533 4625 2.3547496795654297
2666 2789 5533 5787 2.35416579246521
444 697 3533 3928 2.3531494140625
888 3254 4200 6717 2.3523523807525635
2000 3486 5311 6949 2.3513028621673584
2000 3254 5533 6949 2.3507444858551025
2444 3719 5311 6717 2.3504345417022705
1111 3486 4200 6717 2.350343704223633
2222 1859 5311 5090 2.35021710395813
2666 1627 5533 4625 2.3502073287963867
1333 2789 4200 5787 2.348543643951416
2222 2556 5088 5555 2.3477871417999268
444 2556 4644 6949 2.347374677658081
444 2789 4200 6717 2.346755027770996
2444 1627 5533 4857 2.3462135791778564
1555 1859 4422 4857 2.344930410385132
1555 2091 4422 5090 2.3440146446228027
222 929 3977 4857 2.3435213565826416
222 1162 3755 4857 2.3430442810058594
1555 3254 4422 6252 2.341130256652832
1333 3254 4200 6252 2.3408656120300293
1333 2324 4200 5322 2.3397316932678223
0 929 3755 4857 2.3386459350585938
444 1394 3311 4393 2.338392496109009
222 1162 3977 5090 2.336853504180908
888 3254 4422 6949 2.336474657058716
2444 2091 5311 5090 2.3350069522857666
1555 3254 5311 7182 2.33425235748291
1333 3486 4422 6717 2.334085702896118
888 1627 3755 4625 2.3339502811431885
2000 3719 5088 6949 2.3339312076568604
0 2091 4644 6949 2.3333349227905273
444 2789 4644 7182 2.333317279815674
444 464 3533 3695 2.3328237533569336
0 1859 4422 6485 2.3320083618164062
1333 3486 4200 6485 2.3317465782165527
444 697 3311 3695 2.331742525100708
1777 3486 4644 6485 2.331106424331665
2666 2324 5533 5322 2.330700397491455
0 1162 3755 5090 2.3304331302642822
1111 3486 3977 6485 2.3289806842803955
2666 3486 5533 6485 2.3287885189056396
1333 3486 4866 7182 2.327908992767334
444 3021 4200 6949 2.32787823677063
1555 3486 4644 6717 2.327418088912964
2444 3486 5533 6717 2.326566457748413
222 697 3755 4393 2.3263742923736572
1111 1627 3977 4625 2.326162815093994
2444 2556 5311 5555 2.3257436752319336
0 1859 4200 6252 2.3256332874298096
888 3021 3977 6252 2.3255906105041504
888 3254 4644 7182 2.325437545776367
2444 2556 5533 5787 2.324904680252075
1777 3719 4866 6949 2.3240511417388916
0 929 3977 5090 2.3238282203674316
1555 2556 4422 5555 2.3222296237945557
1777 2556 4644 5555 2.3219707012176514
1111 3021 3977 6020 2.32183837890625
1111 3254 3977 6252 2.3215997219085693
1111 3486 4422 6949 2.3214757442474365
1333 3486 4644 6949 2.3190629482269287
444 2556 4200 6485 2.31894588470459
1555 3486 4422 6485 2.3185088634490967
1555 3486 5088 7182 2.316620111465454
444 3021 4422 7182 2.316514492034912
2444 1859 5311 4857 2.3149173259735107
222 697 3977 4625 2.3146986961364746
0 1162 3977 5322 2.3133797645568848
888 2324 3977 5555 2.313133478164673
1333 1859 4200 4857 2.3130853176116943
222 464 3755 4160 2.3130743503570557
222 1394 3977 5322 2.3130383491516113
2222 1859 5533 5322 2.312181234359741
888 3486 4200 6949 2.3119683265686035
2000 3951 4866 6949 2.3116915225982666
1777 3254 5533 7182 2.3116612434387207
888 3254 3977 6485 2.310849666595459
1333 2091 4200 5090 2.309645175933838
2222 3486 5533 6949 2.3089959621429443
2222 3719 5311 6949 2.308605909347534
888 3021 3755 6020 2.308011054992676
0 2091 4422 6717 2.30769944190979
0 2324 4644 7182 2.3072638511657715
222 1394 3755 5090 2.306983470916748
888 3254 3755 6252 2.3052921295166016
2222 3951 5088 6949 2.3044300079345703
222 1162 3311 4393 2.304054021835327
0 697 3755 4625 2.3037614822387695
0 1394 3755 5322 2.303668975830078
666 2324 3755 5555 2.3034169673919678
666 3021 3533 6020 2.3032612800598145
666 3254 4200 6949 2.3031976222991943
666 1627 3533 4625 2.30153751373291
1333 2556 4200 5555 2.3015103340148926
0 2324 4422 6949 2.301316499710083
1333 3719 4200 6717 2.301274061203003
1111 3719 3977 6717 2.300967216491699
444 232 3533 3463 2.300755023956299
666 2324 3977 5787 2.300431728363037
888 3486 3755 6485 2.300405502319336
222 929 3533 4393 2.2999351024627686
222 929 3311 4160 2.29941463470459
222 464 3977 4393 2.2993171215057373
2444 2091 5533 5322 2.297861099243164
1777 3486 5311 7182 2.296445608139038
1111 3719 4200 6949 2.295607089996338
2666 2091 5533 5090 2.295527219772339
222 1162 3533 4625 2.2947685718536377
888 2789 3977 6020 2.2932486534118652
444 464 3311 3463 2.29259991645813
2666 0 5533 2998 2.2918553352355957
0 2091 4200 6485 2.289982318878174
0 1162 3311 4625 2.2887160778045654
1111 3486 4644 7182 2.288264274597168
1777 3719 4644 6717 2.2880537509918213
2666 2556 5533 5555 2.2879185676574707
1777 3719 5088 7182 2.286989450454712
0 2324 4200 6717 2.2867157459259033
222 232 3977 4160 2.286600351333618
222 232 3755 3928 2.2860989570617676
0 464 3755 4393 2.2856080532073975
666 3254 3533 6252 2.2851767539978027
888 3486 3977 6717 2.2842607498168945
0 929 3311 4393 2.283712387084961
1111 3951 3977 6949 2.2834157943725586
666 2789 3533 5787 2.282282829284668
1333 3719 4422 6949 2.282087802886963
1111 2789 3977 5787 2.280639171600342
2444 3719 5533 6949 2.279374599456787
666 3021 3755 6252 2.278125524520874
222 0 3755 3695 2.276716947555542
888 3719 3755 6717 2.275822877883911
222 1162 3088 4160 2.2757198810577393
888 2789 3755 5787 2.2756989002227783
222 1394 3311 4625 2.2747910022735596
0 929 3533 4625 2.274587869644165
1333 3951 4200 6949 2.27255916595459
2666 1859 5533 4857 2.2715280055999756
888 1627 3977 4857 2.271432876586914
1555 3719 4422 6717 2.2711918354034424
222 2556 4644 7182 2.2706050872802734
222 2556 4422 6949 2.2705812454223633
222 697 3533 4160 2.2702877521514893
0 697 3977 4857 2.270254135131836
666 1627 3755 4857 2.269547939300537
444 2324 3977 6020 2.2684571743011475
222 0 3977 3928 2.268336772918701
666 3021 3977 6485 2.268277645111084
1555 3719 4866 7182 2.26794171333313
2000 3486 5533 7182 2.2677876949310303
2000 3719 5311 7182 2.26715350151062
222 697 3311 3928 2.2662806510925293
888 3486 4422 7182 2.265084743499756
2444 0 5311 2998 2.2631301879882812
1555 3719 4644 6949 2.2621517181396484
666 2091 3977 5555 2.262066125869751
0 464 3977 4625 2.262031316757202
2666 3719 5533 6717 2.2616355419158936
666 3254 4422 7182 2.261350393295288
444 232 3311 3230 2.2611496448516846
0 1162 3533 4857 2.2608115673065186
2444 3951 5311 6949 2.2605643272399902
666 3486 3533 6485 2.259582042694092
888 2324 3755 5322 2.259536027908325
888 3951 3755 6949 2.2595295906066895
666 0 3533 2998 2.259420871734619
444 2324 3755 5787 2.259050130844116
2444 1859 5533 5090 2.258859634399414
0 232 3755 4160 2.2577457427978516
666 2556 3533 5555 2.2555859088897705
666 2789 3977 6252 2.254847526550293
666 2789 3755 6020 2.253439426422119
222 929 3088 3928 2.2528390884399414
222 464 3533 3928 2.2523937225341797
1111 2324 3977 5322 2.251464366912842
222 1394 3088 4393 2.250950574874878
222 464 3311 3695 2.2501208782196045
1777 3951 4644 6949 2.2486705780029297
666 3254 3755 6485 2.2484536170959473
666 1627 3977 5090 2.2469091415405273
222 1394 3533 4857 2.2466542720794678
1555 3951 4422 6949 2.2463009357452393
666 3486 4200 7182 2.2452480792999268
222 2789 4422 7182 2.2450451850891113
1111 3719 4422 7182 2.2437844276428223
222 2556 4200 6717 2.24304461479187
1333 3719 4644 7182 2.2429139614105225
888 3719 3977 6949 2.242271661758423
888 2556 3977 5787 2.240407705307007
444 2091 3977 5787 2.2401602268218994
888 3719 4200 7182 2.2395570278167725
222 2789 4200 6949 2.2395122051239014
2000 3951 5088 7182 2.2390592098236084
0 697 3311 4160 2.237818717956543
1777 3951 4866 7182 2.236915349960327
0 697 3533 4393 2.2363369464874268
444 0 3533 3230 2.236207962036133
222 697 3088 3695 2.235759973526001
666 3719 3533 6717 2.2352325916290283
444 3021 3533 6252 2.2346560955047607
222 232 3533 3695 2.2343833446502686
2666 3951 5533 6949 2.2317395210266113
0 1394 3311 4857 2.2314865589141846
0 0 3755 3928 2.2309577465057373
888 2091 3755 5090 2.230811595916748
0 232 3977 4393 2.2307651042938232
888 2556 3755 5555 2.230621337890625
1111 3951 4200 7182 2.2295262813568115
666 3254 3977 6717 2.229249954223633
444 2091 3755 5555 2.2287824153900146
666 3486 3755 6717 2.2270610332489014
1111 2556 3977 5555 2.2270090579986572
444 2789 3533 6020 2.2269296646118164
2222 3719 5533 7182 2.226875066757202
888 2091 3977 5322 2.2264673709869385
0 0 3977 4160 2.2262847423553467
0 1162 3088 4393 2.2259609699249268
1333 3951 4422 7182 2.2250001430511475
444 1627 3311 4625 2.224820137023926
444 1627 3755 5090 2.224275827407837
888 1859 3755 4857 2.223149299621582
666 2324 3533 5322 2.222588300704956
666 2556 3977 6020 2.2221474647521973
444 1627 3977 5322 2.221872091293335
666 2091 3755 5322 2.220834732055664
1111 2091 3977 5090 2.2205209732055664
444 2324 3533 5555 2.2195215225219727
444 1859 3977 5555 2.2193291187286377
222 232 3311 3463 2.219054698944092
0 1394 3533 5090 2.217661142349243
222 2324 3977 6252 2.217369794845581
0 464 3311 3928 2.213876724243164
2000 4183 4866 7182 2.2128219604492188
666 2556 3755 5787 2.2125985622406006
0 464 3533 4160 2.2119743824005127
1111 1859 3977 4857 2.2115275859832764
888 1859 3977 5090 2.210780620574951
666 3486 3977 6949 2.210559129714966
0 929 3088 4160 2.2105376720428467
666 1859 3755 5090 2.2102901935577393
222 1627 3977 5555 2.210075616836548
2444 3951 5533 7182 2.2093474864959717
444 3021 3311 6020 2.2090938091278076
666 3951 3533 6949 2.206819534301758
2222 3951 5311 7182 2.206601858139038
0 1627 3755 5555 2.205561399459839
222 464 3088 3463 2.2051780223846436
222 2324 3755 6020 2.204484224319458
1333 4183 4200 7182 2.203753709793091
888 3951 3977 7182 2.2031378746032715
444 3254 4200 7182 2.2026000022888184
2222 4183 5088 7182 2.2023556232452393
666 1859 3977 5322 2.2021450996398926
666 2091 3533 5090 2.2006020545959473
1555 3951 4644 7182 2.2004940509796143
444 1627 3533 4857 2.199453830718994
444 2556 3533 5787 2.198927402496338
222 3021 4200 7182 2.1985716819763184
666 1859 3533 4857 2.1974520683288574
0 232 3311 3695 2.196765661239624
666 3719 3755 6949 2.196729898452759
0 1627 3977 5787 2.193636417388916
0 1394 3088 4625 2.193378210067749
444 2789 3311 5787 2.192969799041748
0 232 3533 3928 2.1916723251342773
1111 4183 3977 7182 2.191016912460327
444 2789 3755 6252 2.188969612121582
222 2091 3977 6020 2.1884384155273438
0 2324 3755 6252 2.186530351638794
222 2091 3755 5787 2.1860318183898926
222 0 3533 3463 2.184021472930908
444 2556 3977 6252 2.182692289352417
1777 4183 4644 7182 2.1807570457458496
222 1859 3977 5787 2.1799161434173584
444 3021 3977 6717 2.1784818172454834
1555 4183 4422 7182 2.178344964981079
444 1859 3755 5322 2.178271532058716
888 4183 3755 7182 2.177215337753296
444 3021 3755 6485 2.1765849590301514
2444 4183 5311 7182 2.1757469177246094
222 1859 3755 5555 2.173447608947754
444 3254 3311 6252 2.173380136489868
222 232 3088 3230 2.170492649078369
444 2556 3755 6020 2.1704699993133545
222 1627 3755 5322 2.1700894832611084
444 2556 3311 5555 2.169443130493164
444 2789 3977 6485 2.16906476020813
444 3254 3533 6485 2.1681923866271973
444 2324 3311 5322 2.1664133071899414
0 1859 3755 5787 2.165623426437378
0 697 3088 3928 2.1654629707336426
0 2091 3755 6020 2.161742925643921
666 3951 3755 7182 2.1617324352264404
222 2324 3311 5555 2.160305976867676
222 2324 3533 5787 2.1586365699768066
222 1627 3088 4625 2.1575493812561035
0 0 3533 3695 2.1566731929779053
2666 4183 5533 7182 2.1549978256225586
444 2091 3533 5322 2.1548497676849365
0 464 3088 3695 2.151379108428955
0 1859 3977 6020 2.1495962142944336
0 2091 3977 6252 2.149400234222412
444 3254 3977 6949 2.146596908569336
222 0 3311 3230 2.146122455596924
0 2324 3977 6485 2.145307779312134
222 3021 3311 6252 2.144941806793213
222 2789 3533 6252 2.143918991088867
222 1627 3311 4857 2.1433663368225098
444 1859 3533 5090 2.1429498195648193
444 3254 3755 6717 2.1426095962524414
444 2091 3311 5090 2.142479181289673
444 3486 3533 6717 2.141879081726074
222 2789 3311 6020 2.1417646408081055
222 2091 3533 5555 2.1400299072265625
444 0 3311 2998 2.138847589492798
0 2324 3311 5787 2.13842511177063
222 1627 3533 5090 2.137610673904419
666 3719 3977 7182 2.1375341415405273
222 2556 3533 6020 2.1369969844818115
0 2324 3533 6020 2.1368393898010254
666 4183 3533 7182 2.1342265605926514
444 1859 3311 4857 2.1337478160858154
444 3486 3311 6485 2.1335694789886475
0 1627 3311 5090 2.1318302154541016
0 0 3311 3463 2.1316165924072266
444 3486 3755 6949 2.1313040256500244
0 2091 3311 5555 2.126851797103882
0 1627 3533 5322 2.1268470287323
0 232 3088 3463 2.1250061988830566
0 2091 3533 5787 2.12473201751709
222 2556 3311 5787 2.124039888381958
222 3021 3533 6485 2.1197924613952637
222 2091 3311 5322 2.1146576404571533
0 1162 2866 4160 2.1143150329589844
444 3719 3533 6949 2.1138548851013184
222 2556 3755 6252 2.11365008354187
444 3719 3311 6717 2.11313533782959
0 929 2866 3928 2.1107561588287354
0 1859 3533 5555 2.1095213890075684
0 2556 4200 6949 2.1090199947357178
222 3021 3088 6020 2.107309579849243
222 3021 3755 6717 2.107056140899658
0 2556 3533 6252 2.1062915325164795
222 1859 3311 5090 2.105900526046753
0 2556 4422 7182 2.1056625843048096
222 2324 3088 5322 2.1040308475494385
444 3951 3311 6949 2.1022095680236816
0 2556 3311 6020 2.1015939712524414
222 2789 3977 6717 2.099449634552002
222 1859 3533 5322 2.098524570465088
222 2789 3755 6485 2.0972037315368652
222 2789 3088 5787 2.097003936767578
0 2324 3088 5555 2.0954957008361816
222 2091 3088 5090 2.0944125652313232
0 2789 3311 6252 2.0934677124023438
222 1859 3088 4857 2.091742515563965
222 3021 3977 6949 2.0917153358459473
0 1859 3311 5322 2.0893964767456055
0 1627 3088 4857 2.0888800621032715
0 1394 2866 4393 2.0871143341064453
222 2556 3977 6485 2.085745096206665
444 3486 3977 7182 2.0846643447875977
222 2556 3088 5555 2.0788166522979736
222 3254 3088 6252 2.0776827335357666
0 2789 4200 7182 2.076246500015259
0 697 2866 3695 2.074237823486328
222 3254 3755 6949 2.074127435684204
222 3254 3311 6485 2.0731608867645264
222 3254 3533 6717 2.0706377029418945
444 3951 3533 7182 2.0683321952819824
0 3021 3533 6717 2.066889524459839
0 3021 3311 6485 2.0650417804718018
0 2789 3533 6485 2.0650289058685303
0 1859 3088 5090 2.0588293075561523
0 2091 3088 5322 2.058117151260376
444 3719 3755 7182 2.0576066970825195
0 2789 3088 6020 2.056870222091675
0 3021 3088 6252 2.0568630695343018
0 2789 3755 6717 2.0564024448394775
222 3486 3533 6949 2.0541319847106934
222 3486 3311 6717 2.0524544715881348
0 3021 3755 6949 2.0475761890411377
0 2556 3755 6485 2.0474445819854736
0 2556 3088 5787 2.0465023517608643
222 3486 3088 6485 2.042146921157837
0 2789 3977 6949 2.0399036407470703
0 2556 3977 6717 2.037755012512207
444 4183 3311 7182 2.036346673965454
0 1627 2866 4625 2.034801959991455
222 3719 3311 6949 2.0338997840881348
222 0 3088 2998 2.0320470333099365
222 3719 3088 6717 2.028850793838501
0 464 2866 3463 2.025597333908081
222 3951 3088 6949 2.0255043506622314
222 3254 3977 7182 2.021862268447876
0 0 3088 3230 2.013387680053711
0 3254 3311 6717 2.011977434158325
222 3486 3755 7182 2.0110061168670654
0 3254 3533 6949 2.0069668292999268
222 3951 3311 7182 1.9958522319793701
222 3719 3533 7182 1.9942220449447632
0 3486 3311 6949 1.9931515455245972
0 3254 3088 6485 1.992028832435608
0 2324 2866 5322 1.9910155534744263
0 1859 2866 4857 1.987501621246338
0 3021 3977 7182 1.984987735748291
0 3486 3088 6717 1.9848390817642212
0 2091 2866 5090 1.9845421314239502
0 3254 3755 7182 1.9721611738204956
0 232 2866 3230 1.9713948965072632
0 3021 2866 6020 1.971339225769043
0 2789 2866 5787 1.9651001691818237
222 4183 3088 7182 1.964966058731079
0 3719 3088 6949 1.9642443656921387
0 3486 3533 7182 1.958132266998291
0 2556 2866 5555 1.9574464559555054
0 3254 2866 6252 1.9526866674423218
0 3719 3311 7182 1.9419769048690796
0 3719 2866 6717 1.9343736171722412
0 3486 2866 6485 1.9319570064544678
0 3951 2866 6949 1.9280723333358765
0 3951 3088 7182 1.926069736480713
0 4183 2866 7182 1.8705428838729858
0 0 2866 2998 1.7981163263320923
