281 1406 2941 4066 3.1650516986846924
140 1406 2941 4207 3.1327948570251465
562 281 2238 1957 3.0799195766448975
281 1265 2941 3925 3.066986560821533
140 1265 2941 4066 3.0537781715393066
421 281 2238 2097 3.049187421798706
421 281 2097 1957 3.048006057739258
421 421 2097 2097 3.0451083183288574
562 421 2238 2097 3.0356197357177734
421 421 2238 2238 3.030266046524048
562 140 2238 1816 3.018728733062744
421 140 2238 1957 3.000905752182007
140 1125 2941 3925 3.000499963760376
562 140 2378 1957 2.9991471767425537
421 1406 2941 3925 2.9862353801727295
562 281 2378 2097 2.9804916381835938
281 1546 2941 4207 2.968660354614258
140 843 2941 3644 2.942699909210205
281 421 2097 2238 2.9313015937805176
281 281 2238 2238 2.9311811923980713
281 1406 2800 3925 2.92631459236145
281 281 2097 2097 2.922720193862915
421 562 2097 2238 2.9223740100860596
421 140 2378 2097 2.922370195388794
281 140 2238 2097 2.920677900314331
281 421 2238 2378 2.919642448425293
421 1546 2941 4066 2.9152233600616455
421 281 2378 2238 2.915098190307617
140 1406 2800 4066 2.91324520111084
421 140 2097 1816 2.9131622314453125
140 703 2941 3503 2.9064126014709473
421 0 2378 1957 2.901679039001465
562 421 2378 2238 2.8935508728027344
281 1546 2800 4066 2.8874611854553223
562 0 2378 1816 2.8856308460235596
562 562 2238 2238 2.88195538520813
140 562 2941 3363 2.881335496902466
421 0 2238 1816 2.8804526329040527
281 1687 2941 4347 2.8759114742279053
421 421 2378 2378 2.874985933303833
421 1687 2941 4207 2.87392520904541
281 140 2097 1957 2.8698935508728027
140 1546 2941 4347 2.8695898056030273
281 0 2238 1957 2.8664731979370117
281 140 2378 2238 2.8653757572174072
562 1687 2941 4066 2.8592135906219482
281 281 2378 2378 2.858057737350464
281 421 1957 2097 2.855402946472168
562 0 2238 1675 2.851793050765991
562 1546 2941 3925 2.8504889011383057
281 843 2941 3503 2.8449673652648926
421 562 2238 2378 2.8410916328430176
281 703 2097 2519 2.839198589324951
281 281 1957 1957 2.8390495777130127
281 0 2378 2097 2.8300108909606934
281 703 2941 3363 2.8286924362182617
281 562 2097 2378 2.815553903579712
281 1687 2800 4207 2.814027786254883
421 1687 2800 4066 2.8067872524261475
140 1265 2800 3925 2.8049092292785645
421 1546 2800 3925 2.8009142875671387
562 0 2519 1957 2.800198554992676
281 1687 2660 4066 2.8000872135162354
421 703 2097 2378 2.7995595932006836
281 562 1957 2238 2.794700860977173
562 1828 2941 4207 2.79276180267334
140 1406 2660 3925 2.792569875717163
0 1406 2800 4207 2.787574529647827
562 140 2519 2097 2.7808544635772705
281 421 2378 2519 2.7797560691833496
281 1546 2660 3925 2.775960683822632
140 1546 2800 4207 2.7755706310272217
281 1125 2941 3785 2.7729368209838867
140 562 2097 2519 2.770449638366699
421 1828 2941 4347 2.760944366455078
281 562 2238 2519 2.756481647491455
562 1406 2941 3785 2.755570411682129
421 843 2097 2519 2.7503530979156494
421 0 2097 1675 2.7491352558135986
140 421 2097 2378 2.7477242946624756
281 843 2097 2660 2.7409846782684326
281 843 1957 2519 2.7352967262268066
421 0 2519 2097 2.7343389987945557
562 281 2519 2238 2.7325539588928223
421 1687 2660 3925 2.7317054271698
281 1828 2097 3644 2.7298924922943115
281 140 1957 1816 2.7266461849212646
421 1265 2941 3785 2.7263243198394775
140 281 2238 2378 2.7244482040405273
140 703 2800 3363 2.7239694595336914
562 1687 2800 3925 2.723484516143799
562 562 2378 2378 2.7209911346435547
421 1828 2800 4207 2.720076322555542
421 140 2519 2238 2.7199437618255615
140 1546 2660 4066 2.716728925704956
140 843 2800 3503 2.7144689559936523
281 1828 2660 4207 2.7120416164398193
421 1828 2660 4066 2.710979461669922
140 281 2097 2238 2.7105274200439453
281 0 2097 1816 2.71016788482666
0 1265 2800 4066 2.7066612243652344
281 1687 2519 3925 2.7064743041992188
140 140 2238 2238 2.7043044567108154
281 1828 2519 4066 2.704042434692383
0 843 2800 3644 2.70127010345459
421 281 2519 2378 2.7007861137390137
281 703 1957 2378 2.6996891498565674
281 1265 2800 3785 2.6993584632873535
140 703 1957 2519 2.6939074993133545
140 421 2238 2519 2.690809726715088
140 984 2941 3785 2.6905150413513184
281 1406 2660 3785 2.690096139907837
140 703 2097 2660 2.689037322998047
0 1406 2660 4066 2.687814235687256
562 703 2238 2378 2.686285972595215
0 421 2097 2519 2.685795783996582
140 140 2378 2378 2.6836600303649902
140 1687 2660 4207 2.681612730026245
281 140 2519 2378 2.6795809268951416
0 703 2800 3503 2.6793951988220215
281 1687 2097 3503 2.677140235900879
562 1828 2660 3925 2.6768829822540283
0 562 2800 3363 2.6737239360809326
562 1968 2941 4347 2.673344850540161
421 843 2941 3363 2.67250657081604
562 1828 2800 4066 2.67130970954895
140 1687 2800 4347 2.6711738109588623
281 1828 2800 4347 2.670823574066162
140 0 2238 2097 2.6701884269714355
140 140 2097 2097 2.669243812561035
421 1406 2800 3785 2.668325901031494
281 843 2800 3363 2.667773485183716
140 1687 2519 4066 2.66740345954895
140 421 1957 2238 2.664219617843628
140 1828 2097 3785 2.663039445877075
0 1125 2800 3925 2.6623756885528564
281 0 2519 2238 2.6596479415893555
281 1828 2378 3925 2.6596341133117676
281 1828 1957 3503 2.658967971801758
281 1968 2097 3785 2.656244993209839
140 1125 2800 3785 2.645669937133789
281 1687 1957 3363 2.6451895236968994
421 1968 2660 4207 2.644728183746338
140 562 1957 2378 2.6429624557495117
562 421 2519 2378 2.641425371170044
281 562 2378 2660 2.640266180038452
421 562 2378 2519 2.637200355529785
140 0 2378 2238 2.633061408996582
421 1828 2519 3925 2.6265079975128174
562 1968 2660 4066 2.6251447200775146
140 281 1957 2097 2.624319553375244
140 0 2097 1957 2.624095916748047
281 984 2941 3644 2.623103380203247
421 1968 2519 4066 2.6218392848968506
281 1546 2097 3363 2.6196584701538086
140 843 1957 2660 2.6186203956604004
281 2109 2097 3925 2.6180787086486816
281 1968 2519 4207 2.6175544261932373
140 1687 2097 3644 2.615464210510254
140 1546 2519 3925 2.6149814128875732
140 1828 2519 4207 2.6146883964538574
421 703 2238 2519 2.614567995071411
140 281 2378 2519 2.614063262939453
281 703 2238 2660 2.613116502761841
0 562 2097 2660 2.6116249561309814
281 1828 2238 3785 2.6111297607421875
140 1265 2660 3785 2.6100876331329346
281 1687 2378 3785 2.60970401763916
703 1828 2941 4066 2.6072475910186768
140 421 2378 2660 2.6050453186035156
281 1968 2378 4066 2.6047251224517822
421 1828 2097 3503 2.603804111480713
0 1265 2660 3925 2.6023876667022705
140 843 2097 2800 2.598696708679199
562 1968 2519 3925 2.597810983657837
421 2250 2097 3925 2.5972495079040527
703 1687 2941 3925 2.596675157546997
703 1968 2941 4207 2.594642400741577
140 843 2660 3363 2.594104528427124
140 1406 2097 3363 2.5937118530273438
140 1828 2378 4066 2.591036319732666
703 140 2378 1816 2.590484857559204
703 0 2378 1675 2.590196132659912
0 1406 2519 3925 2.58786940574646
140 1687 2378 3925 2.586304187774658
140 1828 2660 4347 2.585831880569458
140 1406 2519 3785 2.5841310024261475
0 1546 2800 4347 2.583805799484253
281 0 1957 1675 2.5820095539093018
0 1546 2660 4207 2.58152437210083
562 1265 2941 3644 2.580986261367798
421 1125 2941 3644 2.5807559490203857
0 562 1957 2519 2.5807416439056396
281 1968 2660 4347 2.580657958984375
281 1968 2238 3925 2.575924873352051
140 562 2238 2660 2.575403928756714
562 1968 2800 4207 2.5689382553100586
562 0 2660 2097 2.566477060317993
140 1828 2238 3925 2.565950632095337
421 2109 2097 3785 2.5659291744232178
281 1968 1957 3644 2.565513849258423
140 1828 1957 3644 2.564931631088257
281 2109 1957 3785 2.5624449253082275
421 1968 2378 3925 2.5621414184570312
562 2109 2519 4066 2.560520887374878
281 1125 2800 3644 2.558712959289551
281 2250 2097 4066 2.558671712875366
140 1546 2097 3503 2.5585405826568604
140 1968 2097 3925 2.557159185409546
421 1968 2800 4347 2.5553700923919678
281 2109 2378 4207 2.5531420707702637
421 2109 2378 4066 2.552124500274658
421 1687 2097 3363 2.552025556564331
421 140 2660 2378 2.5503616333007812
0 703 2660 3363 2.5488603115081787
281 1687 2238 3644 2.547990083694458
281 2109 2238 4066 2.547903537750244
281 1546 2519 3785 2.545903205871582
421 1968 2097 3644 2.54545521736145
140 140 1957 1957 2.5453250408172607
0 140 2238 2378 2.544454574584961
281 1265 2660 3644 2.543527364730835
562 1687 2660 3785 2.543328285217285
421 2109 2519 4207 2.5414631366729736
0 703 1957 2660 2.5412135124206543
562 1546 2800 3785 2.5405545234680176
843 1968 2941 4066 2.5399577617645264
0 703 2097 2800 2.539306402206421
140 1687 2238 3785 2.5390877723693848
0 1687 2519 4207 2.5377633571624756
421 2390 2097 4066 2.536778688430786
0 843 2097 2941 2.536402463912964
843 1828 2941 3925 2.5358028411865234
140 1687 1957 3503 2.5356147289276123
562 2109 2378 3925 2.5338380336761475
0 1687 2097 3785 2.5338010787963867
0 1546 2519 4066 2.533135414123535
281 1406 2519 3644 2.532280683517456
421 0 2660 2238 2.531162738800049
703 281 2378 1957 2.5302114486694336
0 843 2660 3503 2.5296790599823
562 2109 2660 4207 2.528322458267212
281 2250 1957 3925 2.526582956314087
140 984 2800 3644 2.5237934589385986
421 1265 2800 3644 2.523686647415161
562 1406 2800 3644 2.522088050842285
0 1828 2097 3925 2.5216848850250244
421 2109 2238 3925 2.5206615924835205
421 1546 2660 3785 2.519566535949707
0 1687 2660 4347 2.5160012245178223
421 421 2519 2519 2.5152981281280518
140 1968 2519 4347 2.51474928855896
140 2109 2097 4066 2.5146548748016357
140 1968 2378 4207 2.5141701698303223
562 140 2660 2238 2.5121686458587646
0 281 2097 2378 2.509469985961914
421 1828 2378 3785 2.5093345642089844
140 1546 2378 3785 2.508969783782959
140 1968 1957 3785 2.508700132369995
0 984 2800 3785 2.5082762241363525
281 562 2941 3222 2.5071372985839844
562 2250 2378 4066 2.505821704864502
0 1406 2378 3785 2.505314826965332
140 1406 2378 3644 2.5046486854553223
281 1546 2378 3644 2.504379987716675
281 1406 1957 3082 2.5034539699554443
421 1687 2519 3785 2.50333309173584
0 421 2238 2660 2.503141403198242
421 1406 2660 3644 2.501002788543701
140 421 2941 3222 2.500027656555176
140 1546 1957 3363 2.4998419284820557
281 281 2519 2519 2.4992012977600098
281 0 2660 2378 2.498782157897949
703 1968 2660 3925 2.498157262802124
140 0 2519 2378 2.4969139099121094
421 2250 2238 4066 2.496856451034546
281 703 2378 2800 2.4964935779571533
140 281 2941 3082 2.4942221641540527
140 1968 2238 4066 2.493907928466797
281 2109 2519 4347 2.4919610023498535
0 1406 2097 3503 2.491879940032959
421 2250 2378 4207 2.4915010929107666
0 140 2097 2238 2.491379737854004
421 2109 2660 4347 2.489036798477173
0 1687 2378 4066 2.4870657920837402
281 421 2941 3082 2.4861795902252197
703 1828 2800 3925 2.485846757888794
0 281 2238 2519 2.485151529312134
281 1265 1957 2941 2.483893394470215
703 1968 2800 4066 2.483227252960205
140 1125 2660 3644 2.4802467823028564
281 421 2519 2660 2.479724168777466
0 1546 2097 3644 2.478236198425293
140 843 1816 2519 2.47727370262146
140 703 2378 2941 2.475684881210327
281 281 2941 2941 2.473843574523926
562 2250 2238 3925 2.4734528064727783
703 421 2378 2097 2.4724085330963135
562 1828 2519 3785 2.472341537475586
281 843 2238 2800 2.4696998596191406
703 2109 2660 4066 2.4693105220794678
281 2250 2238 4207 2.4692752361297607
0 1125 2660 3785 2.4691989421844482
0 1687 2238 3925 2.468688488006592
281 1125 2097 2941 2.4681456089019775
281 1406 2378 3503 2.467024087905884
140 562 2378 2800 2.467017889022827
0 843 1957 2800 2.466421127319336
562 2250 2519 4207 2.465481758117676
140 2109 1957 3925 2.465054988861084
843 2109 2941 4207 2.465020179748535
281 2390 1957 4066 2.4628307819366455
140 1406 2238 3503 2.4621384143829346
281 984 1957 2660 2.462130308151245
281 984 2800 3503 2.460581064224243
281 2390 2097 4207 2.4602677822113037
421 1968 2238 3785 2.45943284034729
140 703 2238 2800 2.459285020828247
0 843 2519 3363 2.4581892490386963
421 703 2378 2660 2.456648349761963
703 2109 2519 3925 2.455724000930786
140 562 1816 2238 2.455683946609497
281 1406 2097 3222 2.4555838108062744
421 984 2941 3503 2.45523738861084
281 1546 2238 3503 2.4551823139190674
703 2109 2941 4347 2.453685760498047
140 1546 2238 3644 2.4515268802642822
0 1265 2097 3363 2.451266050338745
0 421 1957 2378 2.451068162918091
703 1546 2941 3785 2.4505913257598877
562 281 2660 2378 2.4498908519744873
843 2109 2660 3925 2.44830584526062
0 1546 2378 3925 2.447974920272827
0 1406 2238 3644 2.4475767612457275
140 1265 2519 3644 2.4470651149749756
0 0 2238 2238 2.4456701278686523
281 843 2378 2941 2.4447696208953857
140 843 2238 2941 2.444589376449585
703 0 2519 1816 2.4436237812042236
0 1828 2519 4347 2.4435999393463135
421 843 2238 2660 2.4429376125335693
0 1828 2238 4066 2.442870616912842
281 421 2800 2941 2.442462682723999
0 1828 1957 3785 2.4385032653808594
140 2109 2238 4207 2.4373936653137207
140 421 1816 2097 2.437312126159668
421 1828 2238 3644 2.435502529144287
843 2250 2519 3925 2.4353935718536377
562 1968 2378 3785 2.4347646236419678
140 0 1957 1816 2.4337422847747803
140 562 2800 3222 2.433467149734497
843 1687 2941 3785 2.4329564571380615
281 1265 2097 3082 2.4325239658355713
0 1265 2519 3785 2.4316182136535645
0 1828 2378 4207 2.431410551071167
703 2250 2519 4066 2.430849075317383
562 2390 2238 4066 2.430698871612549
281 1406 2238 3363 2.4288763999938965
140 1828 1816 3503 2.428582191467285
140 421 2800 3082 2.4277150630950928
281 2250 2378 4347 2.4271724224090576
421 2250 2519 4347 2.4269704818725586
281 562 2800 3082 2.425983428955078
843 2390 2519 4066 2.4249494075775146
0 140 2378 2519 2.4241626262664795
140 703 1816 2378 2.42177677154541
281 703 2800 3222 2.4216525554656982
421 1687 2378 3644 2.420397996902466
562 1125 2941 3503 2.4199881553649902
0 1546 2238 3785 2.418252468109131
0 1968 2097 4066 2.4182143211364746
843 1968 2800 3925 2.417757749557495
140 140 2941 2941 2.4171197414398193
0 281 2378 2660 2.4170069694519043
140 281 2800 2941 2.4164226055145264
140 140 2519 2519 2.416020631790161
843 2250 2660 4066 2.415217161178589
421 984 2097 2660 2.413583755493164
140 984 2097 2941 2.413419246673584
140 2250 2097 4207 2.413006067276001
562 2109 2800 4347 2.412760019302368
421 562 2941 3082 2.4109222888946533
140 2250 1957 4066 2.4097070693969727
281 1125 2660 3503 2.4095945358276367
140 2109 2378 4347 2.4084699153900146
421 703 2941 3222 2.408384323120117
0 0 2097 2097 2.4079527854919434
0 281 1957 2238 2.40576171875
140 1687 1816 3363 2.4041783809661865
0 703 2238 2941 2.4025981426239014
562 2390 2378 4207 2.4020302295684814
281 140 2941 2800 2.4004786014556885
421 281 2660 2519 2.3995351791381836
703 562 2378 2238 2.398099660873413
562 703 2378 2519 2.3977816104888916
562 1546 2660 3644 2.397620677947998
421 1125 2800 3503 2.395967483520508
703 2250 2378 3925 2.395836591720581
421 2390 2238 4207 2.3951258659362793
0 1687 1957 3644 2.3936409950256348
562 2250 2660 4347 2.393108367919922
140 281 2519 2660 2.3930580615997314
281 562 2660 2941 2.3924906253814697
0 1406 1957 3363 2.3922126293182373
281 281 2660 2660 2.3919789791107178
562 843 2238 2519 2.3918285369873047
140 281 1816 1957 2.3916656970977783
281 1546 1957 3222 2.3914599418640137
140 421 2660 2941 2.389997959136963
281 140 2660 2519 2.3896210193634033
703 1406 2941 3644 2.388979196548462
0 562 2238 2800 2.388216733932495
281 984 2097 2800 2.3879640102386475
140 1265 2378 3503 2.3878047466278076
140 562 2519 2941 2.3875105381011963
562 2109 2238 3785 2.386272668838501
281 562 2519 2800 2.3857784271240234
703 2109 2800 4207 2.385533094406128
0 421 2378 2800 2.384558916091919
843 2109 2800 4066 2.3842427730560303
421 562 2519 2660 2.383211612701416
843 2531 2519 4207 2.381859302520752
703 2250 2660 4207 2.3811113834381104
0 703 1816 2519 2.3804354667663574
140 843 2378 3082 2.380251407623291
0 562 2378 2941 2.380159378051758
281 1265 2519 3503 2.3796653747558594
421 1546 2519 3644 2.3796634674072266
421 1406 2097 3082 2.3790335655212402
140 562 2660 3082 2.3790063858032227
281 421 2660 2800 2.378901958465576
421 421 2941 2941 2.378539562225342
140 984 2660 3503 2.3783531188964844
281 1125 1957 2800 2.377410411834717
421 2390 2378 4347 2.376152276992798
0 0 2378 2378 2.376112461090088
421 421 2660 2660 2.3760433197021484
421 1687 2238 3503 2.3757059574127197
703 2390 2378 4066 2.3749876022338867
281 703 2660 3082 2.374005079269409
140 1125 1957 2941 2.373812675476074
140 1265 2238 3363 2.3716039657592773
140 421 2519 2800 2.3695690631866455
562 1828 2378 3644 2.3692190647125244
140 1125 2097 3082 2.3679301738739014
281 281 2800 2800 2.3678834438323975
281 1265 2378 3363 2.3677656650543213
421 562 2800 2941 2.367288589477539
562 984 2941 3363 2.365413188934326
0 1968 2238 4207 2.3652360439300537
0 1265 2378 3644 2.364373207092285
984 1968 2941 3925 2.362661361694336
140 703 2660 3222 2.3602805137634277
703 1687 2800 3785 2.360079765319824
281 703 2519 2941 2.3597805500030518
703 140 2519 1957 2.3596267700195312
281 984 2660 3363 2.3593266010284424
0 984 2660 3644 2.3580482006073
562 1687 2519 3644 2.3573617935180664
703 1828 2660 3785 2.3572306632995605
562 2390 2519 4347 2.3568739891052246
562 1265 2800 3503 2.356743812561035
421 281 2941 2800 2.3557047843933105
703 2390 2519 4207 2.3551087379455566
562 1406 2660 3503 2.353888511657715
0 1265 2238 3503 2.3536674976348877
843 2109 2519 3785 2.3531408309936523
0 140 1957 2097 2.353041648864746
140 1406 1957 3222 2.352973461151123
140 2109 1816 3785 2.3524107933044434
0 1968 1957 3925 2.35087513923645
140 1265 2097 3222 2.350196361541748
421 1265 2097 2941 2.3498294353485107
0 2109 2097 4207 2.349478244781494
562 421 2660 2519 2.3489151000976562
140 1968 1816 3644 2.3470587730407715
140 703 2519 3082 2.346942186355591
140 1265 1957 3082 2.3461244106292725
562 562 2519 2519 2.3455748558044434
984 2109 2941 4066 2.343010663986206
703 1968 2519 3785 2.3428852558135986
843 1968 2660 3785 2.342871904373169
843 2390 2660 4207 2.342470407485962
281 843 2660 3222 2.3418920040130615
281 2390 2238 4347 2.3392579555511475
421 1265 2660 3503 2.335951566696167
140 1125 2519 3503 2.334963798522949
0 1968 2378 4347 2.334287166595459
281 140 2800 2660 2.3332786560058594
0 703 2378 3082 2.3323535919189453
421 421 2800 2800 2.332144260406494
984 2531 2660 4207 2.3320088386535645
0 1546 1957 3503 2.3309485912323
421 562 2660 2800 2.330430746078491
421 984 2800 3363 2.3300323486328125
421 0 2800 2378 2.3299434185028076
421 1406 2519 3503 2.3291964530944824
421 703 2800 3082 2.329033851623535
843 1546 2941 3644 2.3266658782958984
843 2250 2941 4347 2.3251023292541504
562 1968 2238 3644 2.3246986865997314
140 1125 2378 3363 2.324509859085083
0 421 2800 3222 2.323472023010254
140 281 2660 2800 2.323040008544922
0 281 2800 3082 2.3230111598968506
0 1125 2519 3644 2.322169303894043
140 2250 2238 4347 2.321270704269409
984 2390 2660 4066 2.3207952976226807
140 984 1957 2800 2.3202946186065674
421 1546 2378 3503 2.318363666534424
140 2250 1816 3925 2.316373348236084
0 843 1816 2660 2.3145840167999268
421 2531 2097 4207 2.3140482902526855
843 1828 2800 3785 2.3136255741119385
140 140 2660 2660 2.3134875297546387
0 843 2238 3082 2.3126721382141113
421 140 2941 2660 2.3126180171966553
703 2531 2378 4207 2.3124732971191406
140 2390 1957 4207 2.3113458156585693
0 2109 1957 4066 2.3105764389038086
421 281 2800 2660 2.31013560295105
0 562 2519 3082 2.308159589767456
281 0 2941 2660 2.308143377304077
562 843 2941 3222 2.3074960708618164
140 2390 2097 4347 2.3069398403167725
703 2531 2519 4347 2.3058693408966064
562 0 2800 2238 2.301874876022339
562 562 2660 2660 2.301358699798584
0 562 2660 3222 2.3002266883850098
0 0 1957 1957 2.298795700073242
562 703 2941 3082 2.298530340194702
421 843 2800 3222 2.29773211479187
703 2109 2378 3785 2.2974088191986084
421 1546 2097 3222 2.296431541442871
281 843 2519 3082 2.295422077178955
281 1125 2519 3363 2.295229911804199
562 2531 2238 4207 2.2931690216064453
843 2531 2660 4347 2.292703628540039
421 843 2378 2800 2.2926371097564697
703 2390 2660 4347 2.2912051677703857
984 2250 2941 4207 2.2911875247955322
140 0 2660 2519 2.2910239696502686
140 140 2800 2800 2.2902908325195312
984 2250 2660 3925 2.2879936695098877
421 703 2660 2941 2.2866404056549072
140 843 2519 3222 2.2860403060913086
421 1546 2238 3363 2.2856903076171875
0 1125 2378 3503 2.284202814102173
421 1125 2097 2800 2.28130841255188
0 1125 2238 3363 2.27984619140625
140 984 2519 3363 2.2794411182403564
843 2250 2800 4207 2.2791731357574463
421 140 2800 2519 2.2790021896362305
140 984 1816 2660 2.278813123703003
421 2531 2238 4347 2.2786338329315186
562 421 2941 2800 2.2762389183044434
562 281 2941 2660 2.2761080265045166
703 2250 2800 4347 2.2752058506011963
0 843 2378 3222 2.274428129196167
562 1828 2238 3503 2.2733774185180664
703 281 2519 2097 2.2720305919647217
0 2109 2238 4347 2.2713191509246826
140 140 1816 1816 2.2712395191192627
140 2390 1816 4066 2.2705507278442383
562 2531 2378 4347 2.270230770111084
140 0 2941 2800 2.268674612045288
0 703 2519 3222 2.2680563926696777
984 1828 2941 3785 2.2665860652923584
421 1406 2378 3363 2.264272928237915
562 1125 2800 3363 2.262822151184082
140 1406 1816 3082 2.2622735500335693
0 421 2660 3082 2.262146472930908
562 562 2941 2941 2.2604246139526367
0 984 2097 3082 2.2603743076324463
281 0 2800 2519 2.259887456893921
0 421 2519 2941 2.259880781173706
562 1687 2378 3503 2.258730888366699
421 1125 2660 3363 2.257310390472412
281 2531 1957 4207 2.254648447036743
1125 2109 2941 3925 2.254587173461914
140 1265 1816 2941 2.2538552284240723
984 2109 2800 3925 2.2538390159606934
562 421 2800 2660 2.253098964691162
0 984 2378 3363 2.252673625946045
0 421 1816 2238 2.2525949478149414
0 562 1816 2378 2.2514781951904297
843 1406 2941 3503 2.250262975692749
562 140 2800 2378 2.2469894886016846
703 1687 2660 3644 2.2463064193725586
0 1828 1816 3644 2.244497537612915
421 843 2660 3082 2.244436740875244
843 2671 2519 4347 2.2443301677703857
562 0 2941 2378 2.243300676345825
0 2250 2097 4347 2.243197202682495
562 703 2800 2941 2.241631031036377
421 0 2941 2519 2.2407593727111816
562 562 2800 2800 2.240631103515625
0 843 1675 2519 2.237027883529663
0 984 2519 3503 2.235994815826416
562 140 2941 2519 2.2343220710754395
0 281 2660 2941 2.2329232692718506
843 1968 2519 3644 2.232916831970215
281 2531 2097 4347 2.2320163249969482
703 1546 2800 3644 2.231761932373047
0 281 2519 2800 2.231471538543701
984 2250 2800 4066 2.2305350303649902
0 140 2519 2660 2.2295081615448
843 2390 2800 4347 2.229032039642334
562 843 2378 2660 2.2284581661224365
421 703 2519 2800 2.2283780574798584
0 140 2800 2941 2.2282519340515137
703 703 2378 2378 2.227357864379883
140 0 2800 2660 2.2262637615203857
562 281 2800 2519 2.226184129714966
1125 1968 2941 3785 2.22471284866333
843 1828 2660 3644 2.224674701690674
562 843 2800 3082 2.22216796875
0 984 1957 2941 2.2218430042266846
0 1687 1816 3503 2.2208919525146484
843 1687 2800 3644 2.2190277576446533
1125 2250 2941 4066 2.218327283859253
0 0 2519 2519 2.2179007530212402
703 0 2660 1957 2.2173590660095215
562 1265 2660 3363 2.2153332233428955
0 2250 1957 4207 2.2153289318084717
984 2671 2660 4347 2.2109310626983643
984 2109 2660 3785 2.209223985671997
703 1968 2378 3644 2.2075538635253906
562 1546 2519 3503 2.2072277069091797
0 1968 1816 3785 2.2069437503814697
703 1828 2519 3644 2.203688383102417
843 140 2519 1816 2.200099229812622
984 2390 2800 4207 2.199125051498413
140 1125 1816 2800 2.1989941596984863
281 984 2238 2941 2.1986098289489746
0 2109 1816 3925 2.197880744934082
421 843 2519 2941 2.1965553760528564
0 281 1816 2097 2.194491147994995
562 703 2519 2660 2.1932692527770996
421 1265 2519 3363 2.193070888519287
984 2531 2800 4347 2.191845178604126
984 2390 2941 4347 2.1911158561706543
0 1125 2097 3222 2.187466621398926
703 1265 2941 3503 2.186972141265869
562 703 2660 2800 2.1858866214752197
843 0 2519 1675 2.1810293197631836
562 1687 2238 3363 2.1802210807800293
1125 2390 2941 4207 2.178140878677368
562 843 2660 2941 2.1775925159454346
984 1687 2941 3644 2.1748616695404053
281 1265 2238 3222 2.174565553665161
703 1406 2800 3503 2.174116611480713
0 1546 1816 3363 2.172755241394043
703 421 2519 2238 2.172025203704834
1125 2531 2800 4207 2.1707024574279785
1125 2390 2800 4066 2.1695756912231445
984 1968 2800 3785 2.1687066555023193
0 1125 1957 3082 2.1685197353363037
140 0 1816 1675 2.16689395904541
140 1546 1816 3222 2.1641836166381836
703 2671 2378 4347 2.161137580871582
562 1406 2519 3363 2.1550095081329346
0 140 2660 2800 2.15445876121521
140 984 2238 3082 2.153074026107788
421 2671 2097 4347 2.150261640548706
281 1125 2238 3082 2.149237632751465
281 984 2378 3082 2.1485276222229004
0 2250 1816 4066 2.146940231323242
0 703 1675 2378 2.1455821990966797
0 2390 1957 4347 2.145172357559204
1125 2250 2800 3925 2.142728567123413
0 1265 1957 3222 2.1369786262512207
562 2671 2238 4347 2.133408784866333
140 2531 1816 4207 2.1320700645446777
0 562 1675 2238 2.132009506225586
0 140 1816 1957 2.1310770511627197
281 1125 2378 3222 2.129537343978882
281 2671 1957 4347 2.128970146179199
140 2531 1957 4347 2.1227633953094482
703 140 2660 2097 2.121854066848755
984 1968 2660 3644 2.1213443279266357
1125 2531 2941 4347 2.12045955657959
140 984 2378 3222 2.1198854446411133
0 0 2660 2660 2.119682550430298
703 562 2519 2378 2.1184496879577637
1125 1828 2941 3644 2.1165990829467773
843 281 2519 1957 2.1165449619293213
421 1406 2238 3222 2.1155691146850586
140 1125 2238 3222 2.1133692264556885
562 1546 2378 3363 2.1126182079315186
0 0 2800 2800 2.1043145656585693
0 1828 1675 3503 2.102022886276245
843 1687 2660 3503 2.1012260913848877
703 1828 2378 3503 2.0929577350616455
703 1546 2660 3503 2.089210033416748
1125 2671 2800 4347 2.0887672901153564
1125 2109 2800 3785 2.08817458152771
0 1687 1675 3363 2.0868468284606934
0 421 1675 2097 2.082084894180298
703 1687 2519 3503 2.081632375717163
843 1546 2800 3503 2.0794618129730225
1265 2390 2941 4066 2.0794568061828613
1265 2531 2941 4207 2.0775680541992188
0 1125 1816 2941 2.0757389068603516
0 2390 1816 4207 2.0696773529052734
0 984 1816 2800 2.069627523422241
421 1125 2238 2941 2.0646936893463135
984 1828 2800 3644 2.0637192726135254
281 984 2519 3222 2.0619890689849854
843 1828 2519 3503 2.061955690383911
421 984 2238 2800 2.061509847640991
0 2109 1675 3785 2.0611751079559326
421 1265 2238 3082 2.0608813762664795
703 1125 2941 3363 2.0570738315582275
1265 2250 2941 3925 2.055396795272827
0 984 2238 3222 2.0542819499969482
1125 1968 2800 3644 2.0486538410186768
843 1265 2941 3363 2.048286199569702
0 1406 1816 3222 2.0464446544647217
0 1968 1675 3644 2.0462372303009033
984 1546 2941 3503 2.042612314224243
0 2250 1675 3925 2.0424537658691406
1265 2109 2941 3785 2.0415191650390625
843 0 2660 1816 2.0402588844299316
703 281 2660 2238 2.040177583694458
140 2671 1816 4347 2.0387792587280273
0 1265 1816 3082 2.0372254848480225
421 1265 2378 3222 2.0364272594451904
562 843 2519 2800 2.0355448722839355
1125 1687 2941 3503 2.035355567932129
843 140 2660 1957 2.0320911407470703
421 984 2378 2941 2.029080390930176
0 281 1675 1957 2.028965950012207
0 984 1675 2660 2.0268566608428955
843 421 2519 2097 2.026200532913208
703 1406 2660 3363 2.0186805725097656
421 984 2660 3222 2.0119853019714355
1265 1968 2941 3644 2.01094651222229
703 843 2378 2519 2.010843276977539
562 984 2238 2660 2.0070700645446777
1265 2671 2941 4347 2.006560802459717
703 0 2800 2097 1.9988019466400146
843 1406 2800 3363 1.998612880706787
421 1125 2378 3082 1.9968377351760864
703 1265 2800 3363 1.9885622262954712
0 2390 1675 4066 1.9874311685562134
703 843 2941 3082 1.9844944477081299
703 421 2660 2378 1.9762998819351196
0 1406 1675 3082 1.9718501567840576
0 0 1816 1816 1.9717210531234741
703 1687 2378 3363 1.971416711807251
703 703 2519 2519 1.9683265686035156
0 1265 1675 2941 1.9636505842208862
984 1828 2660 3503 1.9584345817565918
562 984 2800 3222 1.9582927227020264
421 1125 2519 3222 1.9554758071899414
0 1125 1675 2800 1.9520184993743896
562 1406 2238 3082 1.948986291885376
562 1406 2378 3222 1.9480246305465698
984 1687 2800 3503 1.9452805519104004
703 703 2941 2941 1.9432010650634766
421 984 2519 3082 1.9395593404769897
562 1546 2238 3222 1.9378522634506226
703 421 2941 2660 1.9339981079101562
703 281 2941 2519 1.9325649738311768
843 281 2660 2097 1.9267942905426025
703 1546 2519 3363 1.9263116121292114
843 562 2519 2238 1.9261763095855713
703 0 2941 2238 1.925809621810913
562 1125 2660 3222 1.9226412773132324
984 1406 2941 3363 1.922203540802002
1265 1828 2941 3503 1.9219175577163696
703 562 2660 2519 1.920954942703247
1125 1828 2800 3503 1.918809175491333
703 140 2800 2238 1.9184343814849854
843 1546 2660 3363 1.917622685432434
843 0 2800 1957 1.9111034870147705
703 140 2941 2378 1.9100395441055298
0 140 1675 1816 1.9095690250396729
703 562 2941 2800 1.9077571630477905
0 1546 1675 3222 1.9072751998901367
562 1265 2238 2941 1.9060354232788086
843 1687 2519 3363 1.9057059288024902
562 984 2660 3082 1.9019322395324707
1125 1546 2941 3363 1.8923076391220093
562 1125 2238 2800 1.8902709484100342
562 1265 2519 3222 1.8881895542144775
703 703 2660 2660 1.8827522993087769
0 2531 1816 4347 1.8753538131713867
703 281 2800 2378 1.871660590171814
562 1265 2378 3082 1.8663382530212402
984 140 2660 1816 1.8655322790145874
703 421 2800 2519 1.8594099283218384
703 843 2519 2660 1.8553786277770996
0 2531 1675 4207 1.8514256477355957
562 984 2378 2800 1.8507493734359741
562 1125 2378 2941 1.8497065305709839
703 843 2800 2941 1.8472236394882202
703 562 2800 2660 1.843536376953125
1265 1687 2941 3363 1.8369972705841064
562 984 2519 2941 1.8307033777236938
843 0 2941 2097 1.8303816318511963
843 703 2519 2378 1.8265360593795776
562 1125 2519 3082 1.822140097618103
843 140 2800 2097 1.8201452493667603
984 0 2660 1675 1.817809820175171
984 1687 2660 3363 1.8031364679336548
703 703 2800 2800 1.8005863428115845
843 421 2660 2238 1.8005200624465942
843 843 2941 2941 1.792916178703308
0 0 1675 1675 1.792589545249939
1125 1687 2800 3363 1.785940408706665
703 984 2941 3222 1.7825722694396973
703 843 2660 2800 1.7809762954711914
0 2671 1675 4347 1.7756181955337524
843 562 2660 2378 1.7698527574539185
984 1546 2800 3363 1.7571959495544434
843 140 2941 2238 1.7565577030181885
843 562 2941 2660 1.744335651397705
843 421 2941 2519 1.7407909631729126
984 281 2660 1957 1.7406989336013794
843 703 2941 2800 1.733017921447754
843 1125 2941 3222 1.7218105792999268
843 281 2800 2238 1.721445083618164
984 0 2800 1816 1.7204625606536865
843 843 2519 2519 1.7180309295654297
703 1406 2519 3222 1.715800404548645
703 1546 2378 3222 1.7144908905029297
843 703 2660 2519 1.7121543884277344
843 281 2941 2378 1.7081553936004639
984 0 2941 1957 1.6925287246704102
843 562 2800 2519 1.6899367570877075
984 140 2800 1957 1.6881178617477417
703 1265 2660 3222 1.6848863363265991
703 984 2378 2660 1.6785119771957397
843 703 2800 2660 1.6778792142868042
703 1125 2800 3222 1.6770493984222412
843 421 2800 2378 1.6766149997711182
703 1406 2378 3082 1.670680046081543
1125 1406 2941 3222 1.6672232151031494
843 984 2941 3082 1.6656386852264404
843 843 2660 2660 1.6618099212646484
984 421 2660 2097 1.6513911485671997
1265 1546 2941 3222 1.650987148284912
843 1406 2660 3222 1.64883553981781
984 140 2941 2097 1.6341074705123901
843 843 2800 2800 1.633244276046753
843 1265 2800 3222 1.6317880153656006
1125 140 2800 1816 1.6274677515029907
703 984 2800 3082 1.6251771450042725
984 1265 2941 3222 1.6134564876556396
703 1265 2378 2941 1.6065298318862915
703 984 2660 2941 1.606391429901123
703 1265 2519 3082 1.6061301231384277
1125 0 2800 1675 1.6043740510940552
984 281 2800 2097 1.600939154624939
703 1125 2660 3082 1.5926945209503174
843 1546 2519 3222 1.5877939462661743
703 1125 2378 2800 1.580463171005249
1125 0 2941 1816 1.5778905153274536
703 1125 2519 2941 1.5724784135818481
984 281 2941 2238 1.5590929985046387
1125 140 2941 1957 1.558210849761963
703 984 2519 2800 1.5579596757888794
1265 1406 2941 3082 1.5574613809585571
984 562 2660 2238 1.5554749965667725
1125 281 2800 1957 1.5391554832458496
1125 1265 2941 3082 1.5362887382507324
984 1406 2800 3222 1.5327339172363281
843 1125 2800 3082 1.5293275117874146
1125 1546 2800 3222 1.524991750717163
843 984 2800 2941 1.5248048305511475
843 1406 2519 3082 1.5237592458724976
984 843 2941 2800 1.5226709842681885
984 703 2941 2660 1.520195484161377
984 562 2941 2519 1.5183182954788208
843 1265 2660 3082 1.5125322341918945
984 421 2941 2378 1.5099776983261108
984 1125 2941 3082 1.5077723264694214
984 703 2660 2378 1.5068354606628418
984 1546 2660 3222 1.5032907724380493
984 421 2800 2238 1.4987736940383911
843 984 2519 2660 1.4863885641098022
1125 281 2941 2097 1.4851166009902954
984 562 2800 2378 1.4790440797805786
984 984 2941 2941 1.4747607707977295
843 1125 2660 2941 1.466643214225769
1125 421 2800 2097 1.464012622833252
843 1265 2519 2941 1.4638826847076416
1125 1125 2941 2941 1.462824821472168
1125 843 2941 2660 1.4601633548736572
1265 1265 2941 2941 1.4576523303985596
984 703 2800 2519 1.4548968076705933
1125 703 2941 2519 1.4442179203033447
843 984 2660 2800 1.4431266784667969
984 843 2660 2519 1.4429701566696167
984 843 2800 2660 1.4412007331848145
1125 1406 2800 3082 1.4303311109542847
1125 421 2941 2238 1.4245291948318481
843 1125 2519 2800 1.4163559675216675
1265 0 2941 1675 1.4134567975997925
1125 562 2941 2378 1.4132148027420044
1265 140 2941 1816 1.4124778509140015
984 1265 2800 3082 1.4068247079849243
1125 562 2800 2238 1.3992233276367188
1125 984 2941 2800 1.3965502977371216
984 1406 2660 3082 1.3911612033843994
1125 703 2800 2378 1.3864493370056152
1265 843 2941 2519 1.3702723979949951
1265 1125 2941 2800 1.3697620630264282
1125 843 2800 2519 1.3682688474655151
1265 281 2941 1957 1.3622841835021973
1125 1265 2800 2941 1.3593162298202515
984 1125 2800 2941 1.3589000701904297
984 984 2800 2800 1.344706654548645
1265 984 2941 2660 1.3416825532913208
1265 421 2941 2097 1.336887001991272
984 984 2660 2660 1.3270541429519653
1265 703 2941 2378 1.3251663446426392
1125 984 2800 2660 1.3226851224899292
984 1265 2660 2941 1.316585898399353
1265 562 2941 2238 1.3098071813583374
1125 1125 2800 2800 1.3082046508789062
984 1125 2660 2800 1.284085988998413
