226 906 4741 5418 3.490025281906128
0 906 4514 5418 3.4774723052978516
0 906 4288 5192 3.3776791095733643
0 1132 4288 5418 3.3586013317108154
226 906 4514 5192 3.3562493324279785
226 1132 4061 4965 3.355971336364746
226 2265 4741 6777 3.3474035263061523
226 1132 4514 5418 3.3381588459014893
226 1132 4288 5192 3.336707353591919
0 679 4514 5192 3.3261680603027344
226 2265 4514 6551 3.321645736694336
226 2039 4741 6551 3.309931755065918
0 2265 4288 6551 3.298383951187134
226 1359 3834 4965 3.2961997985839844
226 1132 4741 5645 3.2937586307525635
226 2265 4288 6324 3.293360471725464
0 1132 4514 5645 3.292762041091919
226 906 4288 4965 3.2927019596099854
226 1359 4288 5418 3.291250467300415
226 679 4741 5192 3.2879769802093506
453 2265 4514 6324 3.2606208324432373
453 1359 4061 4965 3.256723642349243
226 1359 4741 5871 3.255815267562866
0 2265 4061 6324 3.2511215209960938
0 906 4061 4965 3.2509114742279053
0 2265 4514 6777 3.243441581726074
226 1359 4061 5192 3.2423696517944336
0 1132 4061 5192 3.2353663444519043
453 2265 4741 6551 3.232654333114624
226 1359 4514 5645 3.2313172817230225
226 2265 4061 6098 3.221461772918701
226 2039 4514 6324 3.2211127281188965
453 1132 4288 4965 3.2208378314971924
453 2039 4741 6324 3.2131059169769287
0 2039 4514 6551 3.2128498554229736
0 1359 4514 5871 3.2124557495117188
0 1359 4288 5645 3.205535888671875
0 1359 4061 5418 3.2049591541290283
226 2492 4061 6324 3.201347827911377
453 1132 4741 5418 3.198239326477051
453 906 4741 5192 3.196234941482544
0 1132 3834 4965 3.1888601779937744
453 2265 4288 6098 3.1861178874969482
0 2039 4288 6324 3.182861566543579
226 2492 4288 6551 3.1817564964294434
0 2492 4061 6551 3.1620755195617676
0 1359 3608 4965 3.1598451137542725
226 1812 4741 6324 3.1531620025634766
453 1132 4514 5192 3.1515414714813232
226 1359 3608 4738 3.1494436264038086
453 906 4514 4965 3.144183397293091
453 2492 4288 6324 3.1420726776123047
453 1359 4514 5418 3.134356737136841
453 1585 3608 4738 3.1337082386016846
453 1359 4741 5645 3.12821888923645
226 2039 4288 6098 3.1272928714752197
226 2265 3834 5871 3.1272807121276855
453 1359 4288 5192 3.1250526905059814
0 679 4288 4965 3.122647285461426
226 1585 3608 4965 3.1193623542785645
453 1812 3381 4738 3.117420196533203
453 2265 4061 5871 3.117225170135498
453 1359 3834 4738 3.116312265396118
453 1132 4061 4738 3.116302013397217
226 1585 3381 4738 3.111435651779175
226 1812 3154 4738 3.1112008094787598
226 1132 3834 4738 3.1093831062316895
226 2718 3834 6324 3.107372999191284
226 906 4061 4738 3.1066043376922607
453 2492 4514 6551 3.105404853820801
226 679 4514 4965 3.094449996948242
226 2718 3608 6098 3.0938634872436523
226 2492 3834 6098 3.091991662979126
453 2718 3608 5871 3.084287405014038
226 2039 2928 4738 3.0804715156555176
453 2718 4061 6324 3.076241970062256
226 1585 4288 5645 3.07537841796875
0 2492 3834 6324 3.073288917541504
226 2492 4514 6777 3.0731375217437744
226 1585 4061 5418 3.0710437297821045
0 1812 4514 6324 3.070094347000122
226 2039 4061 5871 3.0690441131591797
453 2718 3834 6098 3.067155122756958
0 1359 3834 5192 3.0669667720794678
226 2265 3608 5645 3.0669121742248535
0 2492 4288 6777 3.063833236694336
226 1585 4741 6098 3.059551239013672
453 2039 4514 6098 3.055715799331665
226 1585 4514 5871 3.0510854721069336
453 2492 4061 6098 3.0497934818267822
0 2265 3834 6098 3.0494353771209717
0 2039 4061 6098 3.048360586166382
453 2718 3381 5645 3.0440311431884766
453 2039 3154 4738 3.04373836517334
226 2718 4061 6551 3.039283275604248
453 2265 3834 5645 3.0346715450286865
453 2945 3154 5645 3.0307259559631348
453 906 4288 4738 3.030247449874878
0 1585 3154 4738 3.029900074005127
453 679 4741 4965 3.0294582843780518
226 2492 3608 5871 3.029304265975952
453 1585 3834 4965 3.0277280807495117
226 1812 4288 5871 3.027256488800049
453 2039 4288 5871 3.0263283252716064
453 2265 3608 5418 3.0239334106445312
0 1585 4514 6098 3.023895740509033
226 2718 3381 5871 3.0237369537353516
226 1812 4061 5645 3.021604061126709
0 1585 4288 5871 3.0209765434265137
453 1585 4741 5871 3.0191187858581543
0 1132 3608 4738 3.0167996883392334
0 1359 3381 4738 3.0131826400756836
226 1812 4514 6098 3.0125982761383057
453 1585 4288 5418 3.0115888118743896
453 2718 3154 5418 3.011115312576294
453 2718 4288 6551 3.0096726417541504
453 2492 4741 6777 3.0062947273254395
226 2718 3154 5645 3.0050158500671387
453 1812 4741 6098 3.0017056465148926
226 1812 3834 5418 3.000063896179199
453 2039 4061 5645 2.9965298175811768
453 2945 3381 5871 2.9962539672851562
453 2492 3834 5871 2.9941139221191406
0 453 4514 4965 2.992933988571167
453 1812 3608 4965 2.99186372756958
453 1812 4288 5645 2.9892241954803467
453 1585 4514 5645 2.988912582397461
226 2039 3834 5645 2.987963914871216
453 1812 4061 5418 2.9867570400238037
226 2039 3608 5418 2.986149311065674
226 453 4741 4965 2.983086347579956
0 1812 4288 6098 2.981210947036743
453 2492 3608 5645 2.980257511138916
226 2492 4741 7004 2.9793009757995605
0 1585 4061 5645 2.9767444133758545
226 2265 3381 5418 2.976729393005371
226 1585 3834 5192 2.9731128215789795
453 2945 3608 6098 2.969271659851074
453 1812 4514 5871 2.9665849208831787
226 1812 3381 4965 2.966163158416748
226 2945 2928 5645 2.9603891372680664
0 2265 3608 5871 2.9571001529693604
0 1585 3381 4965 2.9570152759552
453 2039 3834 5418 2.9569082260131836
226 2718 2928 5418 2.955627679824829
0 906 3834 4738 2.9553661346435547
226 679 4288 4738 2.954519033432007
226 2039 3154 4965 2.954364061355591
226 2718 4288 6777 2.952930212020874
0 1812 2928 4738 2.9521708488464355
226 2492 3381 5645 2.951124429702759
226 2945 3154 5871 2.950589418411255
0 2718 3608 6324 2.9408273696899414
0 1812 4061 5871 2.939091205596924
0 2492 4514 7004 2.937849760055542
0 1585 3834 5418 2.9371588230133057
226 2945 3608 6324 2.934842109680176
226 1812 2928 4512 2.932467460632324
453 1585 4061 5192 2.9318318367004395
453 2945 3834 6324 2.9307456016540527
0 2492 3608 6098 2.9280478954315186
453 2492 3381 5418 2.9247734546661377
226 2945 3381 6098 2.9239509105682373
0 2039 3834 5871 2.9236257076263428
0 679 4061 4738 2.9225244522094727
226 2492 3154 5418 2.9222164154052734
453 1812 3154 4512 2.9201645851135254
0 2718 3834 6551 2.918288230895996
453 2039 3381 4965 2.9129638671875
226 2265 2928 4965 2.9121010303497314
0 1812 3154 4965 2.908623695373535
0 1812 3834 5645 2.905909299850464
226 1812 3608 5192 2.9044814109802246
0 2718 3381 6098 2.902116537094116
453 679 4514 4738 2.897820472717285
226 2945 3834 6551 2.8952131271362305
453 2718 4514 6777 2.891310453414917
226 2265 3154 5192 2.889655590057373
0 1812 3608 5418 2.8892533779144287
453 2945 4061 6551 2.8848683834075928
0 2718 4061 6777 2.8821816444396973
453 2265 3154 4965 2.8768835067749023
0 2718 3154 5871 2.8759071826934814
0 2039 2701 4738 2.873940944671631
453 2039 3608 5192 2.873353958129883
0 2039 3608 5645 2.8701021671295166
0 2265 3381 5645 2.8687691688537598
0 1585 3608 5192 2.8637330532073975
0 2265 3154 5418 2.861739158630371
226 2039 3381 5192 2.8612136840820312
453 2265 3381 5192 2.8580870628356934
226 2718 4514 7004 2.852318286895752
453 1812 3834 5192 2.8512144088745117
226 1359 3381 4512 2.8472836017608643
0 2492 3381 5871 2.847008228302002
0 2039 3381 5418 2.846977472305298
0 453 4288 4738 2.844451665878296
226 2945 4061 6777 2.8397464752197266
226 1585 3154 4512 2.8363256454467773
453 1359 3608 4512 2.8350419998168945
453 453 4741 4738 2.833120346069336
0 2039 2928 4965 2.8301241397857666
0 2718 4288 7004 2.8270177841186523
226 453 4514 4738 2.8230669498443604
453 1585 3381 4512 2.8217809200286865
226 2492 2928 5192 2.818599224090576
0 2718 2928 5645 2.8159584999084473
453 2945 4288 6777 2.8153765201568604
453 2718 4741 7004 2.8120036125183105
453 2492 3154 5192 2.81166410446167
453 1132 3834 4512 2.811570405960083
0 2492 3154 5645 2.810933828353882
226 1132 3608 4512 2.80485463142395
0 2945 3381 6324 2.8042688369750977
0 226 4514 4738 2.8039212226867676
0 2945 3154 6098 2.7990899085998535
0 2039 3154 5192 2.794072389602661
453 906 4061 4512 2.788015127182007
0 1812 3381 5192 2.786288022994995
680 1359 4741 5418 2.7856199741363525
226 226 4741 4738 2.782536268234253
226 906 3834 4512 2.777378797531128
0 2945 2701 5645 2.77406644821167
0 2945 3608 6551 2.772793769836426
680 2265 4741 6324 2.7716217041015625
0 2265 2701 4965 2.771456718444824
680 1132 4514 4965 2.7703115940093994
226 2945 4288 7004 2.7684414386749268
0 2718 2701 5418 2.766775369644165
0 1812 2701 4512 2.766684055328369
680 906 4741 4965 2.7598347663879395
0 2945 2928 5871 2.7594406604766846
680 1359 4061 4738 2.7578470706939697
680 1132 4741 5192 2.757266044616699
0 2945 3834 6777 2.7546653747558594
680 1359 4288 4965 2.753643751144409
0 2265 2928 5192 2.7531514167785645
0 1359 3154 4512 2.7433300018310547
680 2265 4514 6098 2.740764856338501
0 1585 2928 4512 2.737490653991699
680 1132 4288 4738 2.7362208366394043
0 2492 2928 5418 2.727292776107788
680 2945 3381 5645 2.7182834148406982
453 2945 4514 7004 2.7171757221221924
680 1359 4514 5192 2.7145776748657227
680 906 4514 4738 2.713926076889038
680 2718 4288 6324 2.710874080657959
680 2265 4288 5871 2.710599422454834
680 2492 4514 6324 2.7090258598327637
226 679 4061 4512 2.708991050720215
0 2945 4061 7004 2.708643913269043
0 1132 3381 4512 2.704420804977417
680 2265 4061 5645 2.7016983032226562
0 906 3608 4512 2.700303316116333
226 1585 2928 4285 2.6933794021606445
680 2718 4061 6098 2.6898250579833984
453 1585 3154 4285 2.6878578662872314
680 2492 4288 6098 2.6853878498077393
680 2039 4741 6098 2.6837785243988037
0 2492 2701 5192 2.6766867637634277
680 2039 4061 5418 2.6714553833007812
680 1585 4741 5645 2.6694185733795166
680 2718 3834 5871 2.669166088104248
680 2039 4288 5645 2.668386936187744
680 2039 4514 5871 2.666938543319702
680 2718 3608 5645 2.6653189659118652
680 1585 4514 5418 2.662137746810913
453 906 3834 4285 2.659755229949951
680 2492 4061 5871 2.6590466499328613
680 2265 3834 5418 2.6587796211242676
453 1132 3608 4285 2.658745765686035
453 1359 3381 4285 2.6573500633239746
680 1812 4514 5645 2.656097650527954
680 2945 3608 5871 2.6536545753479004
680 1812 4288 5418 2.6519980430603027
226 1359 3154 4285 2.650425910949707
453 679 4288 4512 2.6499056816101074
680 1585 4061 4965 2.648869514465332
680 1812 4741 5871 2.6481809616088867
680 2945 4061 6324 2.6429409980773926
680 2492 4741 6551 2.6410105228424072
680 1812 3608 4738 2.640901565551758
680 2718 3381 5418 2.6402111053466797
680 679 4741 4738 2.6386609077453613
680 2039 3381 4738 2.6357195377349854
680 1585 3834 4738 2.6334218978881836
680 2718 4514 6551 2.624802827835083
680 2945 3834 6098 2.617271900177002
226 1132 3381 4285 2.612920045852661
0 679 3834 4512 2.609658718109131
680 2492 3834 5645 2.606863260269165
226 453 4288 4512 2.6047797203063965
680 1585 4288 5192 2.597059965133667
680 2945 4288 6551 2.592130422592163
226 906 3608 4285 2.591900110244751
680 1812 3834 4965 2.590593099594116
680 1812 4061 5192 2.5880374908447266
680 2492 3608 5418 2.5869498252868652
0 453 4061 4512 2.586420774459839
680 2039 3608 4965 2.583254814147949
0 1359 2928 4285 2.57841420173645
680 2265 3381 4965 2.5780961513519287
680 2265 3608 5192 2.5780017375946045
453 453 4514 4512 2.5779268741607666
680 2718 4741 6777 2.564671277999878
453 679 4061 4285 2.5643765926361084
453 226 4741 4512 2.5567662715911865
0 226 4288 4512 2.555739641189575
680 2039 3834 5192 2.554156541824341
226 679 3834 4285 2.5538790225982666
680 1132 4061 4512 2.5536372661590576
453 3171 3154 5871 2.549070358276367
680 1359 3834 4512 2.545966863632202
0 1585 2701 4285 2.5411386489868164
453 3171 3608 6324 2.5405118465423584
226 3171 3381 6324 2.54030704498291
226 226 4514 4512 2.5347390174865723
680 906 4288 4512 2.533440589904785
0 1132 3154 4285 2.528959035873413
453 3171 3381 6098 2.528514862060547
226 453 4061 4285 2.5255722999572754
680 2945 4514 6777 2.514644145965576
680 1812 3381 4512 2.5126335620880127
226 3171 3608 6551 2.5095789432525635
453 1359 3154 4059 2.508993625640869
226 3171 3154 6098 2.5087432861328125
453 906 3608 4059 2.5055856704711914
453 679 3834 4059 2.501347541809082
0 906 3381 4285 2.49894380569458
680 2492 3381 5192 2.4984347820281982
0 679 3608 4285 2.4959287643432617
680 1585 3608 4512 2.4956412315368652
453 3171 3834 6551 2.4940807819366455
226 3171 2928 5871 2.4831364154815674
453 453 4288 4285 2.480086088180542
226 226 4288 4285 2.4712235927581787
453 3171 4061 6777 2.4650650024414062
680 1359 3608 4285 2.464949607849121
0 0 4514 4512 2.4639346599578857
453 1132 3381 4059 2.4618234634399414
226 3171 3834 6777 2.4588382244110107
680 906 4061 4285 2.455775499343872
0 453 3834 4285 2.4541831016540527
453 453 4061 4059 2.453601121902466
453 226 4514 4285 2.4534451961517334
226 0 4741 4512 2.4529550075531006
680 1132 3834 4285 2.4468929767608643
680 2945 4741 7004 2.4453210830688477
0 226 4061 4285 2.4444525241851807
226 679 3608 4059 2.4284539222717285
226 906 3381 4059 2.4275949001312256
680 679 4514 4512 2.4266810417175293
0 3171 3154 6324 2.4258790016174316
226 453 3834 4059 2.425769090652466
226 1359 2928 4059 2.4242632389068604
226 3171 4061 7004 2.422689199447632
453 3171 4288 7004 2.414194107055664
226 1132 3154 4059 2.4135284423828125
226 226 4061 4059 2.412562370300293
680 1585 3381 4285 2.409090757369995
0 3171 3381 6551 2.395953893661499
453 3398 3381 6324 2.394037961959839
680 453 4741 4512 2.3906190395355225
453 226 4288 4059 2.386773109436035
453 3398 3608 6551 2.386423110961914
453 453 3154 3152 2.383897542953491
680 679 4288 4285 2.38262939453125
453 0 4741 4285 2.380093574523926
226 3398 3154 6324 2.3758604526519775
226 3398 3381 6551 2.3729169368743896
680 906 3834 4059 2.371638536453247
453 3398 3154 6098 2.369969606399536
0 453 3608 4059 2.3686866760253906
680 1132 3608 4059 2.3647754192352295
0 3171 3608 6777 2.3628406524658203
680 3171 3381 5871 2.359213352203369
0 0 4288 4285 2.357909679412842
226 0 4514 4285 2.3569915294647217
0 679 3381 4059 2.349698781967163
453 3398 3834 6777 2.3469810485839844
680 453 3381 3152 2.340670347213745
0 3171 2928 6098 2.3374898433685303
906 2265 4741 6098 2.3363113403320312
226 3398 3608 6777 2.3361589908599854
0 3171 2701 5871 2.334136486053467
0 1132 2928 4059 2.330599546432495
0 906 3154 4059 2.3301656246185303
680 1359 3381 4059 2.3297016620635986
453 0 4514 4059 2.326993703842163
226 0 4288 4059 2.3248119354248047
680 679 4061 4059 2.3202438354492188
906 2265 4061 5418 2.319171667098999
0 3171 3834 7004 2.3170320987701416
453 3398 4061 7004 2.3169186115264893
0 226 3834 4059 2.3159432411193848
906 1359 4288 4738 2.3140382766723633
453 226 3381 3152 2.311898946762085
680 3171 3608 6098 2.311441659927368
680 226 3608 3152 2.3103208541870117
680 3171 3834 6324 2.30964994430542
0 1359 2701 4059 2.306270122528076
906 1359 4741 5192 2.3051981925964355
680 453 4288 4059 2.3025577068328857
453 453 3834 3832 2.3001201152801514
453 0 3608 3152 2.2981960773468018
680 453 4514 4285 2.2978155612945557
906 1132 4741 4965 2.2977428436279297
906 2039 4741 5871 2.296072244644165
906 2039 4514 5645 2.2955846786499023
680 226 4741 4285 2.295025110244751
906 2265 4514 5871 2.293109893798828
906 2039 4288 5418 2.2930550575256348
906 2265 4288 5645 2.2927653789520264
680 453 3608 3379 2.291842460632324
453 226 3608 3379 2.291818618774414
226 3398 3834 7004 2.2884562015533447
906 1812 4741 5645 2.2884089946746826
906 1585 4741 5418 2.28788423538208
680 3171 4061 6551 2.287301778793335
906 1132 4514 4738 2.2849817276000977
226 3398 2928 6098 2.2788047790527344
453 453 3381 3379 2.27669620513916
906 906 4741 4738 2.2717628479003906
906 2945 4288 6324 2.269932508468628
453 679 3154 3379 2.268827199935913
453 679 3608 3832 2.2682693004608154
0 0 4061 4059 2.264997959136963
906 2945 4061 6098 2.263298988342285
906 1359 4514 4965 2.262528657913208
906 2492 4741 6324 2.261240005493164
680 226 4514 4059 2.2610905170440674
453 0 3834 3379 2.261031150817871
906 2945 3608 5645 2.2589492797851562
906 1812 4514 5418 2.255368709564209
906 2718 4514 6324 2.252091646194458
0 3398 3154 6551 2.251455545425415
680 679 3381 3379 2.2506296634674072
906 2718 4741 6551 2.2498841285705566
906 1812 4061 4965 2.2497260570526123
906 2718 4061 5871 2.245732545852661
906 2945 3834 5871 2.242929458618164
680 3171 4288 6777 2.2424581050872803
680 3398 3381 6098 2.239234209060669
906 2492 4514 6098 2.2379932403564453
453 226 3834 3606 2.2378087043762207
906 2039 3608 4738 2.2374889850616455
906 2265 3608 4965 2.2365760803222656
906 2718 4288 6098 2.2357821464538574
680 3398 3608 6324 2.2354023456573486
906 2492 4288 5871 2.2338826656341553
906 2718 3608 5418 2.2336299419403076
906 1585 4514 5192 2.231519937515259
0 3398 3381 6777 2.2309658527374268
906 1585 4061 4738 2.230069398880005
453 453 3608 3606 2.229966163635254
906 2718 3834 5645 2.2288806438446045
906 1585 4288 4965 2.228379249572754
906 2945 4514 6551 2.2256288528442383
453 906 3381 3832 2.224020481109619
906 2039 4061 5192 2.2234256267547607
906 2265 3834 5192 2.2217605113983154
906 2039 3834 4965 2.2207112312316895
906 453 3608 3152 2.2184386253356934
680 679 3834 3832 2.2179794311523438
906 2492 4061 5645 2.21681809425354
906 1812 4288 5192 2.2161459922790527
680 679 3608 3606 2.2148704528808594
0 3398 2928 6324 2.2148396968841553
453 226 4061 3832 2.214420795440674
680 906 3608 3832 2.2143781185150146
680 0 3834 3152 2.213597297668457
453 1132 3154 3832 2.21223521232605
906 2945 4741 6777 2.209289789199829
906 1812 3834 4738 2.2067654132843018
680 226 3834 3379 2.205338478088379
680 3398 3834 6551 2.2035281658172607
680 0 4741 4059 2.2015998363494873
226 679 3381 3832 2.1981122493743896
680 3171 4514 7004 2.1972224712371826
226 226 3154 3152 2.196193218231201
680 453 4061 3832 2.1914989948272705
0 3398 3608 7004 2.191427707672119
226 226 3834 3832 2.189924955368042
226 453 3608 3832 2.186852216720581
680 3398 4061 6777 2.186366081237793
906 2492 3834 5418 2.185765266418457
226 453 2928 3152 2.181148052215576
453 679 3381 3606 2.178187131881714
680 453 3834 3606 2.1753792762756348
906 226 3834 3152 2.169661283493042
226 906 3154 3832 2.167336940765381
453 0 4061 3606 2.166998863220215
680 0 4061 3379 2.1653223037719727
680 3398 4288 7004 2.162858247756958
453 906 3154 3606 2.1588685512542725
906 2492 3608 5192 2.1583898067474365
906 0 4061 3152 2.146752119064331
680 226 4288 3832 2.146632671356201
226 0 4061 3832 2.146318197250366
906 1359 4061 4512 2.143726348876953
226 226 3381 3379 2.1384544372558594
226 0 3381 3152 2.138326406478882
226 453 3154 3379 2.135354995727539
680 226 4061 3606 2.134192705154419
0 3398 2701 6098 2.1263322830200195
453 4078 3154 6777 2.123950481414795
906 1132 4061 4285 2.1221234798431396
906 906 4061 4059 2.12211537361145
680 1132 3381 3832 2.122037172317505
906 906 4288 4285 2.121350049972534
226 0 3834 3606 2.121260404586792
226 453 3381 3606 2.118328809738159
680 906 3381 3606 2.116135835647583
680 226 3381 2926 2.1115081310272217
453 226 3154 2926 2.109498977661133
226 226 3608 3606 2.1089928150177
680 0 4288 3606 2.108243703842163
453 0 4288 3832 2.1072609424591064
906 1132 4288 4512 2.105886697769165
906 226 4061 3379 2.1046667098999023
453 3625 3154 6324 2.1030144691467285
906 453 3834 3379 2.1018762588500977
453 3851 3154 6551 2.1013455390930176
226 1132 2928 3832 2.099874973297119
906 679 3608 3379 2.099036931991577
906 1359 3834 4285 2.096975564956665
226 0 3608 3379 2.0937390327453613
453 4304 3154 7004 2.0931572914123535
453 3625 3381 6551 2.0903358459472656
906 1812 3608 4512 2.0838704109191895
906 1132 3834 4059 2.0831027030944824
906 679 4288 4059 2.0800626277923584
906 1585 3834 4512 2.0793001651763916
906 1359 3608 4059 2.078350067138672
226 3625 3154 6551 2.076145887374878
226 3625 3381 6777 2.0712730884552
453 3625 3608 6777 2.0696208477020264
680 0 4514 3832 2.0682804584503174
226 679 3154 3606 2.0648257732391357
226 679 2928 3379 2.0621888637542725
226 3851 3154 6777 2.058250904083252
453 3851 3381 6777 2.052036762237549
453 3625 3834 7004 2.0506913661956787
906 906 4514 4512 2.0500917434692383
680 0 3608 2926 2.049622058868408
906 1585 3608 4285 2.047029972076416
906 679 4741 4512 2.0460891723632812
680 3625 3608 6551 2.0452709197998047
680 3625 3381 6324 2.041750192642212
680 4078 3381 6777 2.0393989086151123
680 3851 3381 6551 2.0380852222442627
226 3625 3608 7004 2.0302815437316895
906 226 4741 4059 2.0302181243896484
906 3171 4061 6324 2.029991388320923
226 3851 3381 7004 2.0289008617401123
453 3851 3608 7004 2.0241565704345703
0 226 3608 3832 2.0236480236053467
226 3625 2928 6324 2.0221526622772217
906 0 4288 3379 2.0163984298706055
906 679 4514 4285 2.014474391937256
680 4304 3381 7004 2.012624979019165
226 3851 2928 6551 2.010685920715332
906 3171 3608 5871 2.0103845596313477
906 453 4741 4285 2.0095930099487305
680 3851 3608 6777 2.0091865062713623
906 453 4514 4059 2.0090785026550293
680 3625 3834 6777 2.0047385692596436
0 453 3381 3832 2.0036778450012207
226 4078 2928 6777 1.999264121055603
906 3171 3834 6098 1.9984675645828247
226 4304 2928 7004 1.9980552196502686
906 3171 4288 6551 1.9962985515594482
906 453 4061 3606 1.995732307434082
453 0 3381 2926 1.9922257661819458
680 3625 4061 7004 1.9921766519546509
0 679 3154 3832 1.9905972480773926
0 226 2928 3152 1.9866070747375488
906 679 4061 3832 1.9865859746932983
906 226 3608 2926 1.9803322553634644
906 3398 3834 6324 1.9771522283554077
680 0 3381 2699 1.9758507013320923
453 4078 3381 7004 1.972617745399475
453 0 3154 2699 1.9721683263778687
0 3625 3154 6777 1.9710348844528198
906 3398 4061 6551 1.9649550914764404
906 679 3834 3606 1.9623582363128662
906 3398 3608 6098 1.9602199792861938
226 906 2928 3606 1.9600014686584473
906 906 3834 3832 1.9594799280166626
0 906 2928 3832 1.9572663307189941
0 3625 3381 7004 1.9570223093032837
680 3851 3834 7004 1.9570109844207764
906 3171 4514 6777 1.9568194150924683
0 0 3154 3152 1.9565489292144775
906 3171 4741 7004 1.95632004737854
906 226 4288 3606 1.9547626972198486
0 3625 2928 6551 1.9532148838043213
906 906 3608 3606 1.952620506286621
0 453 2701 3152 1.95087468624115
0 226 3381 3606 1.9472953081130981
0 0 3834 3832 1.9464725255966187
906 3398 4288 6777 1.9445642232894897
906 453 4288 3832 1.9433693885803223
0 0 3608 3606 1.9356486797332764
0 3851 2928 6777 1.9332435131072998
906 1132 3608 3832 1.9325201511383057
0 0 3381 3379 1.9294862747192383
0 226 3154 3379 1.9278159141540527
226 4078 3154 7004 1.9205108880996704
680 4078 3608 7004 1.9165453910827637
226 226 2928 2926 1.9088472127914429
0 453 2928 3379 1.9085458517074585
0 453 3154 3606 1.908042311668396
0 1132 2701 3832 1.9074463844299316
906 0 3834 2926 1.9071131944656372
906 3398 4514 7004 1.9028762578964233
906 0 3608 2699 1.897228717803955
0 3851 3154 7004 1.8960912227630615
0 3625 2701 6324 1.892917513847351
226 0 3154 2926 1.880191445350647
0 679 2928 3606 1.8734347820281982
906 3851 3608 6551 1.8579460382461548
906 3625 3608 6324 1.854549527168274
906 3851 3834 6777 1.8541451692581177
906 3625 4061 6777 1.8521636724472046
0 3851 2701 6551 1.8515053987503052
906 3625 3834 6551 1.8505302667617798
906 3625 4288 7004 1.847133994102478
0 679 2701 3379 1.8434873819351196
906 3851 4061 7004 1.8372759819030762
906 226 4514 3832 1.8252482414245605
906 0 4514 3606 1.8220763206481934
906 4304 3608 7004 1.8052561283111572
906 4078 3608 6777 1.7811524868011475
1133 453 3834 3152 1.7786166667938232
0 906 2701 3606 1.7763354778289795
226 0 2928 2699 1.776110291481018
1133 226 4061 3152 1.7555582523345947
906 0 4741 3832 1.7384222745895386
0 4078 2701 6777 1.7291145324707031
1133 226 3834 2926 1.7226946353912354
0 4304 2701 7004 1.718235969543457
0 4078 2928 7004 1.7068110704421997
1133 0 3834 2699 1.6914530992507935
906 4078 3834 7004 1.6868066787719727
1133 0 4061 2926 1.6715242862701416
1133 0 4288 3152 1.6678900718688965
1133 2945 4061 5871 1.667373776435852
0 226 2701 2926 1.6650323867797852
1133 2945 4288 6098 1.6642193794250488
1133 679 3834 3379 1.6636402606964111
1133 453 4061 3379 1.6608059406280518
1360 453 4061 3152 1.655821681022644
0 0 2928 2926 1.654228925704956
1133 2945 3834 5645 1.6518627405166626
1133 2945 4514 6324 1.6371015310287476
1133 2718 4061 5645 1.6328785419464111
1133 2945 4741 6551 1.6306403875350952
1133 2265 4288 5418 1.623643159866333
1133 2265 4061 5192 1.6180914640426636
1133 1132 4741 4738 1.6160768270492554
1133 2718 3834 5418 1.6150485277175903
1133 2718 4741 6324 1.6137150526046753
1133 2039 4741 5645 1.6135280132293701
1133 226 4288 3379 1.6109936237335205
1133 1812 4741 5418 1.6097941398620605
1133 2265 4741 5871 1.6091209650039673
1133 2718 4288 5871 1.6085553169250488
1360 226 4288 3152 1.606110692024231
1133 2492 4741 6098 1.6052660942077637
1360 226 4061 2926 1.6031948328018188
1133 2492 4061 5418 1.5999610424041748
1133 2039 4061 4965 1.5974104404449463
1133 1359 4741 4965 1.5966049432754517
1133 2039 4514 5418 1.5964219570159912
1133 2718 4514 6098 1.5958786010742188
1133 2492 4288 5645 1.591820478439331
1133 4304 3834 7004 1.5909433364868164
1133 1585 4741 5192 1.5899813175201416
1133 3171 3834 5871 1.5893571376800537
1133 2265 4514 5645 1.587770700454712
1133 2265 3834 4965 1.5867124795913696
1133 1812 4061 4738 1.5840442180633545
1133 1812 4288 4965 1.5831776857376099
1133 2039 4288 5192 1.5820026397705078
1133 2492 3834 5192 1.5797960758209229
1133 3171 4061 6098 1.5789672136306763
1133 3398 4061 6324 1.577476978302002
1133 2492 4514 5871 1.577441692352295
1133 3398 3834 6098 1.5759038925170898
1133 2039 3834 4738 1.5731911659240723
1133 1132 4061 4059 1.5700966119766235
1360 0 4061 2699 1.5693544149398804
0 0 2701 2699 1.5625609159469604
1133 1359 4514 4738 1.5612430572509766
1133 1359 3834 4059 1.5596154928207397
1133 3171 4288 6324 1.5585849285125732
1133 1812 4514 5192 1.55472993850708
1133 1585 4288 4738 1.5545951128005981
1133 3851 4061 6777 1.5501009225845337
1133 1585 4514 4965 1.5471609830856323
1133 453 4741 4059 1.5459175109863281
1133 3398 4288 6551 1.5456403493881226
1133 3851 3834 6551 1.5449250936508179
1133 906 4288 4059 1.5387870073318481
1133 3398 4514 6777 1.5339179039001465
1133 679 4061 3606 1.5293948650360107
1133 1359 4061 4285 1.528806209564209
1133 3171 4514 6551 1.527520775794983
1133 4078 3834 6777 1.525961995124817
1133 0 4514 3379 1.5258708000183105
1133 906 3834 3606 1.5253639221191406
1360 679 4061 3379 1.5240724086761475
1133 679 4741 4285 1.5227464437484741
1360 0 4288 2926 1.520967721939087
1133 3171 4741 6777 1.5204912424087524
1133 906 4741 4512 1.5178409814834595
1133 1132 4288 4285 1.5141899585723877
1133 1585 4061 4512 1.5140910148620605
1360 0 4514 3152 1.5114086866378784
1133 1585 3834 4285 1.5113242864608765
1133 3625 4288 6777 1.5109461545944214
1133 906 4514 4285 1.507333517074585
1133 1359 4288 4512 1.506790041923523
1133 3625 3834 6324 1.50597083568573
1133 1812 3834 4512 1.5054891109466553
1133 679 4514 4059 1.5021604299545288
1133 3625 4061 6551 1.4999051094055176
1360 453 4288 3379 1.499627709388733
1133 3851 4288 7004 1.4923521280288696
1133 453 4288 3606 1.4880554676055908
1133 3398 4741 7004 1.4875601530075073
1133 1132 4514 4512 1.4818700551986694
1133 906 4061 3832 1.4811948537826538
1133 3625 4514 7004 1.4665963649749756
1133 1132 3834 3832 1.4638707637786865
1360 4304 4061 7004 1.4631171226501465
1133 4078 4061 7004 1.4603331089019775
1360 226 4514 3379 1.456405758857727
1133 679 4288 3832 1.4563326835632324
1133 226 4514 3606 1.4527963399887085
1360 3851 4288 6777 1.4522182941436768
2040 2945 4741 5645 1.4335899353027344
1360 3851 4061 6551 1.4328480958938599
2040 3171 4741 5871 1.431723713874817
1133 453 4514 3832 1.421610713005066
1586 226 4288 2926 1.4198192358016968
2040 3398 4741 6098 1.4177782535552979
1360 1359 4741 4738 1.4171565771102905
1360 2945 4514 6098 1.4170693159103394
1360 2945 4061 5645 1.4153521060943604
1133 226 4741 3832 1.414900779724121
1133 0 4741 3606 1.4145267009735107
1360 2945 4741 6324 1.4143294095993042
1360 4078 4061 6777 1.4106807708740234
1360 2945 4288 5871 1.4053646326065063
1360 2039 4741 5418 1.4047905206680298
1360 3851 4514 7004 1.3939387798309326
2040 2718 4741 5418 1.3935726881027222
1586 0 4288 2699 1.3929225206375122
1360 906 4061 3606 1.3928790092468262
1360 2265 4741 5645 1.3924534320831299
1360 2718 4061 5418 1.391383409500122
1360 1812 4741 5192 1.3905137777328491
1360 0 4741 3379 1.3863043785095215
1360 2492 4741 5871 1.3855676651000977
2040 3625 4741 6324 1.3836344480514526
1360 2265 4514 5418 1.3835060596466064
1360 2718 4741 6098 1.3831210136413574
1360 2718 4514 5871 1.3820216655731201
1586 453 4288 3152 1.3817938566207886
1360 1359 4061 4059 1.379018783569336
1360 2718 4288 5645 1.3785955905914307
1360 3398 4288 6324 1.3785170316696167
1360 4078 4288 7004 1.3754271268844604
1360 1132 4288 4059 1.3728923797607422
1360 3625 4061 6324 1.3718671798706055
1360 1585 4741 4965 1.3710954189300537
1360 1812 4514 4965 1.370188593864441
1360 3625 4288 6551 1.3693875074386597
1360 906 4514 4059 1.3675014972686768
1360 3625 4514 6777 1.3664859533309937
1360 3398 4061 6098 1.3662192821502686
1360 679 4288 3606 1.3646001815795898
1360 2265 4288 5192 1.357734203338623
1586 4304 4288 7004 1.3572542667388916
1360 906 4741 4285 1.3571836948394775
1360 1585 4514 4738 1.3567241430282593
1360 679 4741 4059 1.3546644449234009
1360 3171 4061 5871 1.3545337915420532
1360 2492 4514 5645 1.3511422872543335
1360 2039 4514 5192 1.347008466720581
1360 3398 4514 6551 1.3465864658355713
1360 2039 4288 4965 1.3447496891021729
1360 2492 4061 5192 1.3436338901519775
1360 1812 4288 4738 1.343579649925232
1360 1132 4514 4285 1.3433302640914917
1360 3398 4741 6777 1.343014121055603
1360 2265 4061 4965 1.3415086269378662
2040 3851 4741 6551 1.3408780097961426
1360 2492 4288 5418 1.3391971588134766
1360 453 4514 3606 1.3375502824783325
1360 2039 4061 4738 1.3374780416488647
1360 3171 4288 6098 1.3336249589920044
1360 1132 4741 4512 1.3248437643051147
1360 226 4741 3606 1.3239173889160156
1360 1359 4288 4285 1.3233485221862793
1360 1359 4514 4512 1.3224866390228271
1360 3625 4741 7004 1.3206114768981934
1586 226 4514 3152 1.3205188512802124
1586 0 4514 2926 1.3156261444091797
1586 4078 4288 6777 1.3139047622680664
1360 3171 4514 6324 1.3128056526184082
2040 2492 4741 5192 1.308469533920288
1360 906 4288 3832 1.3065060377120972
1360 1132 4061 3832 1.3045580387115479
1360 3171 4741 6551 1.303614616394043
1586 679 4288 3379 1.2901158332824707
2040 4078 4741 6777 1.2888171672821045
1360 1585 4061 4285 1.2839847803115845
1360 1585 4288 4512 1.2812881469726562
2040 4304 4741 7004 1.2811098098754883
1813 4304 4514 7004 1.280038833618164
1813 3851 4741 6777 1.279816746711731
1586 0 4741 3152 1.279270887374878
1813 4078 4514 6777 1.2775529623031616
1360 679 4514 3832 1.2769641876220703
1813 2945 4741 5871 1.2761284112930298
1360 1812 4061 4512 1.2729558944702148
2040 2265 4741 4965 1.269412636756897
1813 3851 4514 6551 1.2640461921691895
1813 3398 4741 6324 1.2636405229568481
1360 453 4741 3832 1.2635788917541504
1586 226 4741 3379 1.2629683017730713
1586 453 4514 3379 1.2620775699615479
1813 226 4741 3152 1.2613916397094727
1586 4078 4514 7004 1.260737657546997
1813 4078 4741 7004 1.2604230642318726
1813 2718 4741 5645 1.259177327156067
1813 226 4514 2926 1.257254958152771
1813 3171 4741 6098 1.2559447288513184
1813 3625 4741 6551 1.253845453262329
1813 453 4514 3152 1.252627968788147
1586 3851 4288 6551 1.2510995864868164
1586 3851 4514 6777 1.239965558052063
1586 3851 4741 7004 1.2346649169921875
1813 3625 4514 6324 1.2342286109924316
1813 0 4741 2926 1.2287249565124512
2040 2039 4741 4738 1.2284469604492188
1813 2492 4741 5418 1.2283895015716553
1813 0 4514 2699 1.2258447408676147
1586 2945 4741 6098 1.2258204221725464
1813 3398 4514 6098 1.2229204177856445
1813 3171 4514 5871 1.2204440832138062
1813 2945 4514 5645 1.2180747985839844
1813 453 4741 3379 1.2153518199920654
1586 2718 4741 5871 1.2124912738800049
1813 679 4514 3379 1.2100416421890259
1586 906 4288 3606 1.2002278566360474
1813 2718 4514 5418 1.200065016746521
1586 2492 4741 5645 1.1988866329193115
1586 3625 4741 6777 1.1981942653656006
1586 3398 4741 6551 1.1980079412460327
1586 2265 4741 5418 1.197292447090149
1586 3171 4741 6324 1.1904557943344116
1586 3625 4288 6324 1.19026780128479
2040 453 4741 3152 1.188665747642517
1586 3625 4514 6551 1.186059832572937
1586 2945 4514 5871 1.1855441331863403
2040 226 4741 2926 1.182023525238037
1586 679 4514 3606 1.1816574335098267
1586 3398 4514 6324 1.180314302444458
1586 453 4741 3606 1.179246187210083
2040 1812 4741 4512 1.1756166219711304
1586 2718 4514 5645 1.1752153635025024
1586 3398 4288 6098 1.173189640045166
1813 2265 4741 5192 1.1720728874206543
1586 2945 4288 5645 1.1664787530899048
2040 679 4741 3379 1.1647201776504517
1586 2718 4288 5418 1.162975788116455
1813 679 4741 3606 1.1625003814697266
1586 3171 4288 5871 1.161629557609558
1586 3171 4514 6098 1.1596053838729858
2040 1359 4741 4059 1.1568315029144287
2040 0 4741 2699 1.155663251876831
1586 2492 4514 5418 1.1536848545074463
1813 906 4514 3606 1.1533894538879395
1813 2039 4741 4965 1.149108648300171
2040 906 4741 3606 1.148795247077942
1813 2492 4514 5192 1.145298957824707
1586 679 4741 3832 1.1441521644592285
1586 2039 4741 5192 1.1430608034133911
1586 1132 4288 3832 1.1427786350250244
1586 1132 4741 4285 1.1406702995300293
1586 1812 4741 4965 1.1400030851364136
2040 1585 4741 4285 1.1395057439804077
1586 906 4741 4059 1.138854742050171
1586 906 4514 3832 1.1373690366744995
2040 1132 4741 3832 1.135210633277893
1813 1132 4741 4059 1.1335453987121582
1586 1359 4741 4512 1.1321719884872437
1586 1132 4514 4059 1.1316765546798706
1586 1359 4288 4059 1.1291706562042236
1586 1585 4741 4738 1.1273304224014282
1586 2265 4514 5192 1.1261162757873535
1813 1359 4741 4285 1.1256855726242065
1813 906 4741 3832 1.1253492832183838
1586 1359 4514 4285 1.1249748468399048
1586 2492 4288 5192 1.1238131523132324
1813 1812 4741 4738 1.1171120405197144
1586 2039 4514 4965 1.1154940128326416
1813 1132 4514 3832 1.115330457687378
1813 2265 4514 4965 1.1110862493515015
1813 1359 4514 4059 1.1064605712890625
1586 1812 4514 4738 1.1057169437408447
1586 2265 4288 4965 1.1034976243972778
1813 1585 4741 4512 1.1022562980651855
1586 2039 4288 4738 1.0961495637893677
1586 1585 4514 4512 1.096128225326538
1813 2039 4514 4738 1.0913981199264526
1586 1585 4288 4285 1.0875848531723022
1586 1812 4288 4512 1.0807344913482666
1813 1585 4514 4285 1.0730493068695068
1813 1812 4514 4512 1.067919135093689
