144 588 2596 3078 2.858938455581665
289 588 2306 2637 2.829622745513916
144 588 2306 2784 2.8126015663146973
144 588 2451 2931 2.801880359649658
579 441 2161 2048 2.793623685836792
289 588 2451 2784 2.792465925216675
434 588 2451 2637 2.7911484241485596
144 441 2596 2931 2.789222002029419
144 441 2451 2784 2.7798519134521484
144 1470 2596 3961 2.7678422927856445
144 441 2306 2637 2.766026020050049
289 441 2451 2637 2.7637972831726074
289 441 2596 2784 2.762723684310913
289 588 2596 2931 2.7527008056640625
434 588 2596 2784 2.749469041824341
144 735 2596 3225 2.7448291778564453
144 735 2451 3078 2.7447781562805176
434 735 2306 2637 2.742513656616211
144 294 2596 2784 2.741741418838501
289 735 2306 2784 2.7393810749053955
434 441 2596 2637 2.735931634902954
0 588 2451 3078 2.7330591678619385
579 441 2306 2195 2.7326719760894775
289 735 2596 3078 2.729339361190796
434 441 2161 2195 2.727731943130493
289 1470 2596 3813 2.726391077041626
434 735 2451 2784 2.724454402923584
434 1470 2596 3666 2.7219583988189697
579 588 2161 2195 2.7181806564331055
289 294 2596 2637 2.717491388320923
144 294 2451 2637 2.7174057960510254
434 441 2306 2342 2.716322898864746
434 441 2451 2490 2.7126965522766113
289 1470 2451 3666 2.7100939750671387
144 1470 2451 3813 2.7073371410369873
0 441 2451 2931 2.706592559814453
434 588 2017 2195 2.702533483505249
434 441 2017 2048 2.7016873359680176
434 882 2596 3078 2.7007763385772705
289 735 2451 2931 2.7005739212036133
434 588 2161 2342 2.6994357109069824
289 882 2451 3078 2.698054790496826
144 1176 2596 3666 2.6950290203094482
434 588 2306 2490 2.6949267387390137
144 1323 2596 3813 2.6927552223205566
144 735 2306 2931 2.6925480365753174
434 735 2596 2931 2.6915667057037354
434 882 2306 2784 2.691237449645996
144 1618 2596 4108 2.6908578872680664
289 1323 2596 3666 2.68701434135437
144 1765 2596 4255 2.6817030906677246
289 1765 2596 4108 2.6807477474212646
434 882 2451 2931 2.678919553756714
144 882 2306 3078 2.67834210395813
289 882 2306 2931 2.6727640628814697
144 882 2596 3372 2.6722519397735596
144 1470 2306 3666 2.6698150634765625
144 882 2451 3225 2.669558525085449
144 1323 2451 3666 2.6688389778137207
579 294 2306 2048 2.6686697006225586
434 1912 2596 4108 2.6675796508789062
289 882 2596 3225 2.6662700176239014
144 147 2596 2637 2.6660585403442383
0 588 2306 2931 2.663379192352295
434 294 2306 2195 2.6631104946136475
289 441 2306 2490 2.6624507904052734
289 1912 2596 4255 2.6619160175323486
289 1765 2451 3961 2.6605701446533203
434 1765 2596 3961 2.6546969413757324
579 588 2306 2342 2.6523616313934326
434 294 2161 2048 2.6514225006103516
434 1912 2451 3961 2.650538921356201
434 1176 2306 3078 2.647895097732544
289 735 2161 2637 2.646294116973877
289 1912 2451 4108 2.646151304244995
0 441 2306 2784 2.645660638809204
289 588 2161 2490 2.6455628871917725
434 1912 2306 3813 2.64235782623291
0 1470 2451 3961 2.642035961151123
289 1618 2596 3961 2.6411502361297607
144 588 2161 2637 2.640795946121216
144 1912 2596 4402 2.640500545501709
434 294 2451 2342 2.64048171043396
0 735 2451 3225 2.6394011974334717
289 441 2161 2342 2.6373579502105713
289 1912 2306 3961 2.6350018978118896
579 1323 2306 3078 2.6339077949523926
0 294 2451 2784 2.6317334175109863
434 1765 2451 3813 2.6311099529266357
434 1618 2596 3813 2.630788803100586
144 1765 2451 4108 2.629650831222534
579 882 2306 2637 2.6295478343963623
434 1765 2306 3666 2.6248843669891357
289 1618 2451 3813 2.6128013134002686
579 735 2451 2637 2.612706422805786
434 1323 2306 3225 2.6114273071289062
289 1765 2306 3813 2.6097912788391113
0 1323 2451 3813 2.608288049697876
434 147 2306 2048 2.607897996902466
144 1912 2451 4255 2.606931686401367
579 441 2451 2342 2.605926990509033
0 735 2306 3078 2.604980707168579
434 1618 2451 3666 2.604945659637451
289 588 2017 2342 2.6040072441101074
579 294 2161 1901 2.602726697921753
434 1470 2306 3372 2.6016550064086914
144 1912 2306 4108 2.601483106613159
144 1618 2451 3961 2.601170063018799
579 1470 2306 3225 2.6008334159851074
0 1470 2306 3813 2.6005172729492188
0 1176 2451 3666 2.600248336791992
434 1176 2451 3225 2.60009765625
579 882 2451 2784 2.5996437072753906
289 294 2306 2342 2.596287250518799
579 1176 2451 3078 2.595076084136963
144 1765 2306 3961 2.5949203968048096
289 441 2017 2195 2.5948848724365234
0 294 2306 2637 2.5930609703063965
434 1029 2451 3078 2.592135190963745
579 735 2161 2342 2.5904812812805176
434 1470 2451 3519 2.5900356769561768
434 735 2161 2490 2.589026927947998
434 882 2161 2637 2.586831569671631
579 1765 2451 3666 2.5865397453308105
289 294 2451 2490 2.5859506130218506
579 1765 2596 3813 2.5837576389312744
289 1618 2306 3666 2.583580732345581
579 1912 2306 3666 2.582956314086914
434 1323 2451 3372 2.5827572345733643
434 294 2596 2490 2.58171010017395
289 294 2161 2195 2.581421136856079
289 1176 2306 3225 2.580136299133301
579 1618 2596 3666 2.5788934230804443
579 1912 2596 3961 2.578580141067505
579 588 2596 2637 2.57698130607605
0 1323 2306 3666 2.5765724182128906
434 147 2451 2195 2.5765042304992676
579 1912 2451 3813 2.575056552886963
289 1470 2306 3519 2.5739541053771973
579 1176 2306 2931 2.573760986328125
434 1176 2596 3372 2.5737006664276123
144 735 2161 2784 2.5733819007873535
579 1323 2451 3225 2.5703887939453125
289 882 2161 2784 2.569960832595825
289 1176 2451 3372 2.569373607635498
434 1323 2596 3519 2.5681207180023193
434 1029 2596 3225 2.567246675491333
434 1029 2306 2931 2.5668327808380127
0 882 2451 3372 2.566798448562622
289 1323 2306 3372 2.566040515899658
579 1470 2451 3372 2.564797878265381
289 1176 2596 3519 2.5609965324401855
579 735 2306 2490 2.560920238494873
289 1029 2306 3078 2.5607006549835205
289 1323 2451 3519 2.560377836227417
144 1618 2306 3813 2.560307502746582
144 294 2306 2490 2.5573043823242188
289 1029 2451 3225 2.5538549423217773
144 1176 2451 3519 2.552673816680908
579 882 2596 2931 2.5508954524993896
579 294 2451 2195 2.5508735179901123
434 735 2017 2342 2.5483829975128174
579 735 2596 2784 2.548372983932495
289 147 2161 2048 2.5467169284820557
144 1176 2306 3372 2.5459237098693848
579 588 2451 2490 2.5457022190093994
0 882 2306 3225 2.545103073120117
289 1029 2596 3372 2.5433273315429688
579 1470 2596 3519 2.5423970222473145
0 1618 2451 4108 2.5422134399414062
434 1323 2161 3078 2.5408620834350586
0 588 2161 2784 2.540584087371826
0 147 2451 2637 2.5401065349578857
144 1029 2596 3519 2.5397441387176514
144 1323 2306 3519 2.538455009460449
289 147 2306 2195 2.5348050594329834
144 1029 2451 3372 2.5331010818481445
0 1912 2306 4255 2.5330827236175537
0 1765 2451 4255 2.5321803092956543
289 441 1872 2048 2.532050609588623
434 147 2161 1901 2.5309956073760986
434 294 2017 1901 2.5272839069366455
0 1765 2306 4108 2.526954174041748
434 2059 2306 3961 2.526921033859253
289 294 2017 2048 2.526374578475952
579 1176 2596 3225 2.5263729095458984
724 1470 2306 3078 2.5261852741241455
0 1912 2451 4402 2.52376651763916
579 1323 2596 3372 2.523358106613159
579 1029 2306 2784 2.5228090286254883
289 588 1872 2195 2.5226261615753174
579 1029 2451 2931 2.517897605895996
144 441 2161 2490 2.51747727394104
289 2059 2451 4255 2.517212390899658
434 1176 2161 2931 2.5164694786071777
144 1029 2306 3225 2.514669179916382
579 147 2161 1754 2.511767625808716
579 1323 2161 2931 2.510758876800537
0 441 2161 2637 2.5087361335754395
289 147 2451 2342 2.507143974304199
289 2059 2306 4108 2.506527900695801
579 1470 2161 3078 2.503596067428589
579 147 2451 2048 2.503129243850708
579 441 2596 2490 2.5019307136535645
144 882 2161 2931 2.501722812652588
434 147 2596 2342 2.501633882522583
0 1618 2306 3961 2.5007736682891846
434 1470 2161 3225 2.5006062984466553
579 1029 2596 3078 2.500059127807617
289 2500 2017 4255 2.4999897480010986
0 588 2017 2637 2.4988555908203125
579 147 2306 1901 2.4957900047302246
434 2500 2017 4108 2.4941632747650146
724 1912 2451 3666 2.4941372871398926
434 1912 2161 3666 2.494117498397827
289 147 2596 2490 2.4912266731262207
289 1176 2161 3078 2.4902472496032715
289 2206 2306 4255 2.4896399974823
434 2206 2306 4108 2.4896035194396973
434 2059 2596 4255 2.4886980056762695
144 735 2017 2637 2.488196611404419
434 0 2451 2048 2.4876015186309814
724 1323 2451 3078 2.48486590385437
144 2059 2306 4255 2.4825520515441895
289 735 2017 2490 2.4818568229675293
434 1618 2306 3519 2.481638193130493
434 1029 2161 2784 2.481235980987549
579 882 2161 2490 2.480400323867798
289 882 2017 2637 2.4800350666046143
144 147 2306 2342 2.479217529296875
434 2059 2451 4108 2.4788925647735596
289 2794 1872 4402 2.478813648223877
579 1176 2161 2784 2.4778201580047607
289 1912 2161 3813 2.4744887351989746
289 1323 2161 3225 2.471198081970215
434 2500 2161 4255 2.4708776473999023
144 147 2451 2490 2.470734119415283
724 1323 2306 2931 2.470104932785034
724 1470 2451 3225 2.4690284729003906
289 2059 2596 4402 2.4670307636260986
434 2794 2017 4402 2.4661636352539062
434 1323 2017 2931 2.466102361679077
434 147 2017 1754 2.462339162826538
144 588 2017 2490 2.4601500034332275
579 294 2596 2342 2.459312677383423
0 1176 2306 3519 2.458996534347534
724 1765 2596 3666 2.457676410675049
579 1618 2306 3372 2.4576451778411865
289 2500 2161 4402 2.4570281505584717
579 1765 2306 3519 2.456998348236084
144 294 2161 2342 2.4564907550811768
144 441 2017 2342 2.4563839435577393
144 2059 2451 4402 2.4559922218322754
144 1912 2161 3961 2.454926013946533
579 1618 2451 3519 2.4546902179718018
0 1029 2451 3519 2.453386068344116
289 0 2306 2048 2.452573537826538
434 2059 2161 3813 2.449838876724243
144 2500 2017 4402 2.44935941696167
434 1470 2017 3078 2.4488682746887207
289 1470 2161 3372 2.448789596557617
289 2353 2017 4108 2.448094367980957
289 2647 1872 4255 2.4475793838500977
579 2059 2306 3813 2.4453470706939697
434 2353 2161 4108 2.4431257247924805
0 735 2161 2931 2.4395203590393066
579 1029 2161 2637 2.438957691192627
724 1912 2596 3813 2.438176155090332
289 1029 2161 2931 2.438124895095825
434 2206 2451 4255 2.438053607940674
289 2206 2161 4108 2.4349677562713623
434 2647 2017 4255 2.434292793273926
434 2353 2306 4255 2.4334094524383545
144 1176 2161 3225 2.4332871437072754
289 1323 2017 3078 2.4331727027893066
434 2206 2161 3961 2.431370973587036
0 1470 2161 3666 2.429584264755249
289 0 2451 2195 2.4291799068450928
289 2647 2017 4402 2.4289348125457764
289 294 1872 1901 2.4284048080444336
289 1765 2161 3666 2.4276533126831055
289 2206 2451 4402 2.4250900745391846
434 882 2017 2490 2.4247777462005615
144 2206 2306 4402 2.424760103225708
289 2353 2161 4255 2.424382209777832
434 1176 2017 2784 2.42397141456604
0 1029 2306 3372 2.4233455657958984
579 2059 2451 3961 2.422961473464966
724 441 2306 2048 2.421361207962036
144 441 1727 2048 2.4203109741210938
144 147 2161 2195 2.4202754497528076
289 2353 2306 4402 2.4198391437530518
434 2500 2306 4402 2.419222354888916
144 1323 2161 3372 2.4188971519470215
144 441 1872 2195 2.41628098487854
579 147 2596 2195 2.4155588150024414
434 0 2306 1901 2.4155449867248535
144 1470 2161 3519 2.4155375957489014
0 882 2161 3078 2.4155099391937256
144 588 1727 2195 2.414857864379883
724 1470 2596 3372 2.4138336181640625
144 882 2017 2784 2.4132039546966553
144 1029 2161 3078 2.4130489826202393
289 147 2017 1901 2.411987066268921
289 2059 2161 3961 2.4114420413970947
144 1765 2161 3813 2.411273241043091
289 1176 2017 2931 2.4109363555908203
144 2353 2161 4402 2.409057378768921
144 294 2017 2195 2.4089033603668213
144 2206 2161 4255 2.405836582183838
724 1912 2306 3519 2.405665159225464
289 735 1872 2342 2.405104160308838
0 2059 2306 4402 2.404925584793091
144 0 2451 2342 2.404329538345337
724 1323 2596 3225 2.4038918018341064
0 735 2017 2784 2.402912139892578
434 2206 2596 4402 2.402003526687622
724 1176 2451 2931 2.4016599655151367
144 2059 2596 4549 2.4013094902038574
144 2353 2017 4255 2.4010913372039795
724 1765 2306 3372 2.4010093212127686
289 2794 2017 4549 2.3989622592926025
434 2353 2017 3961 2.397172689437866
289 0 2596 2342 2.396841287612915
724 588 2306 2195 2.3966846466064453
434 0 2161 1754 2.396155834197998
724 1176 2596 3078 2.393786907196045
724 1618 2306 3225 2.393279552459717
289 2206 2017 3961 2.392726182937622
144 588 1872 2342 2.3925373554229736
434 2941 2017 4549 2.3924012184143066
724 1176 2306 2784 2.391554594039917
0 441 2017 2490 2.389235734939575
144 0 2306 2195 2.3888087272644043
434 1029 2017 2637 2.3869519233703613
144 147 2017 2048 2.386136293411255
434 2647 2161 4402 2.3853213787078857
434 0 2596 2195 2.384941339492798
144 1618 2161 3666 2.382654905319214
289 0 2161 1901 2.382550001144409
289 2941 1872 4549 2.38250470161438
289 2500 1872 4108 2.3821983337402344
724 882 2451 2637 2.381314516067505
868 1470 2451 3078 2.379758596420288
289 1470 2017 3225 2.3792643547058105
289 2500 2306 4549 2.378831386566162
144 2059 2161 4108 2.3785359859466553
579 2059 2596 4108 2.3780570030212402
144 2500 2161 4549 2.376206398010254
434 2206 2017 3813 2.375948190689087
289 1029 2017 2784 2.374222993850708
0 1912 2161 4108 2.373961925506592
724 1765 2451 3519 2.373961925506592
434 2794 2161 4549 2.3729898929595947
289 1912 2017 3666 2.370816469192505
144 0 2596 2490 2.3702762126922607
579 2206 2306 3961 2.3693277835845947
144 1176 2017 3078 2.3686423301696777
144 2206 2017 4108 2.3684728145599365
289 2206 2596 4549 2.362833261489868
724 1618 2451 3372 2.3622817993164062
868 1912 2596 3666 2.361701726913452
724 2059 2306 3666 2.3614249229431152
289 147 1872 1754 2.361233711242676
144 2647 1872 4402 2.359269142150879
0 294 2161 2490 2.358384847640991
144 1912 2017 3813 2.357607841491699
144 2353 2306 4549 2.357370376586914
289 2059 2017 3813 2.3564584255218506
724 882 2596 2784 2.3562941551208496
144 2794 1727 4402 2.35610294342041
434 1765 2161 3519 2.355501651763916
724 441 2451 2195 2.355436325073242
0 147 2306 2490 2.3528826236724854
0 441 1582 2048 2.350618600845337
144 2206 2451 4549 2.3492677211761475
579 2059 2161 3666 2.3482351303100586
868 1765 2451 3372 2.347696542739868
289 2647 2161 4549 2.3463892936706543
724 735 2596 2637 2.346081018447876
144 735 1727 2342 2.3455300331115723
579 2206 2161 3813 2.344442844390869
868 1618 2451 3225 2.3442270755767822
434 2353 2451 4402 2.343177080154419
724 294 2451 2048 2.3429298400878906
579 2206 2451 4108 2.3427910804748535
434 1618 2161 3372 2.3422863483428955
0 1765 2161 3961 2.341557502746582
724 1618 2596 3519 2.3394734859466553
579 2500 2161 4108 2.3394672870635986
0 441 1727 2195 2.339137315750122
289 2353 2451 4549 2.3390774726867676
868 1912 2451 3519 2.338977336883545
144 2647 1727 4255 2.338587999343872
144 1323 2017 3225 2.3368351459503174
579 2206 2596 4255 2.33454966545105
434 0 2017 1607 2.3344969749450684
579 0 2306 1754 2.3327271938323975
0 1176 2161 3372 2.3326244354248047
0 588 1582 2195 2.3324224948883057
0 2353 2017 4402 2.332367420196533
724 1029 2451 2784 2.3319718837738037
434 2059 2017 3666 2.3319664001464844
0 882 2017 2931 2.331763744354248
144 294 1872 2048 2.3317177295684814
0 294 2017 2342 2.330284357070923
0 1323 2161 3519 2.3279037475585938
289 0 2017 1754 2.326922655105591
724 2059 2451 3813 2.3267290592193604
579 1912 2161 3519 2.3257508277893066
144 1470 2017 3372 2.32535719871521
144 294 1727 1901 2.3236446380615234
579 1618 2161 3225 2.3231990337371826
579 0 2161 1607 2.322427272796631
724 735 2306 2342 2.3222293853759766
0 2206 2306 4549 2.321955680847168
0 588 1727 2342 2.3214526176452637
144 0 2161 2048 2.320614814758301
144 1029 2017 2931 2.3198530673980713
0 1618 2161 3813 2.319803476333618
0 2059 2451 4549 2.31967830657959
579 2500 2306 4255 2.319511890411377
0 2206 2161 4402 2.318598747253418
144 2059 2017 3961 2.3174970149993896
579 0 2596 2048 2.317265033721924
0 2059 2161 4255 2.315824508666992
868 1323 2451 2931 2.3142170906066895
579 2353 2306 4108 2.3142077922821045
144 2500 1727 4108 2.3136000633239746
579 0 2451 1901 2.3113903999328613
724 1029 2306 2637 2.3111371994018555
724 588 2451 2342 2.3093461990356445
0 441 1872 2342 2.308894157409668
0 2500 2017 4549 2.307457208633423
579 1765 2161 3372 2.304997205734253
434 2353 2596 4549 2.3049697875976562
289 1618 2161 3519 2.3045334815979004
144 1765 2017 3666 2.303755283355713
144 2794 1872 4549 2.30318021774292
579 2353 2161 3961 2.3013925552368164
0 1912 2017 3961 2.3011248111724854
579 2794 2161 4402 2.3006303310394287
0 2206 2017 4255 2.299717664718628
868 1470 2596 3225 2.2984166145324707
434 2500 2451 4549 2.2977230548858643
0 1029 2161 3225 2.296668767929077
0 147 2017 2195 2.2956931591033936
724 294 2306 1901 2.295374631881714
724 2206 2306 3813 2.29374361038208
144 2647 2017 4549 2.2930428981781006
0 2647 1727 4402 2.2914137840270996
1013 1912 2596 3519 2.291199207305908
0 147 2161 2342 2.286691665649414
144 2500 1872 4255 2.286381959915161
579 2647 2161 4255 2.286363124847412
724 1029 2596 2931 2.286052942276001
724 441 2596 2342 2.2857754230499268
0 2353 2161 4549 2.2856383323669434
1013 1765 2596 3372 2.284868001937866
724 294 2596 2195 2.284646511077881
0 0 2451 2490 2.284440755844116
724 882 2306 2490 2.2829060554504395
0 588 1872 2490 2.2812907695770264
724 2059 2596 3961 2.2801077365875244
868 1765 2596 3519 2.27968430519104
868 2059 2451 3666 2.279569625854492
144 735 1872 2490 2.2784485816955566
434 1912 2017 3519 2.2755839824676514
0 735 1582 2342 2.2738561630249023
144 147 1872 1901 2.272563934326172
724 147 2306 1754 2.271712303161621
579 2353 2451 4255 2.2715578079223633
868 1323 2596 3078 2.2714691162109375
1013 1470 2596 3078 2.271392345428467
434 2647 2306 4549 2.270949602127075
289 882 1872 2490 2.27091121673584
724 735 2451 2490 2.2686541080474854
289 2353 1872 3961 2.2680370807647705
0 1176 2017 3225 2.2674245834350586
0 294 1727 2048 2.2667717933654785
724 147 2596 2048 2.2660436630249023
0 2794 1582 4402 2.2638752460479736
0 0 2306 2342 2.2617435455322266
144 2941 1727 4549 2.2607810497283936
868 1618 2596 3372 2.260401964187622
0 294 1582 1901 2.2570550441741943
289 0 1872 1607 2.257025718688965
579 2500 2451 4402 2.2563869953155518
0 2500 1727 4255 2.255891799926758
0 2500 1582 4108 2.2556281089782715
0 1323 2017 3372 2.2554869651794434
0 1470 2017 3519 2.254237174987793
434 1618 2017 3225 2.254178047180176
0 2059 2017 4108 2.254150629043579
868 2059 2596 3813 2.2536776065826416
1013 1618 2596 3225 2.250413656234741
0 1765 2017 3813 2.249403953552246
0 294 1872 2195 2.2466535568237305
0 2500 1872 4402 2.243518352508545
579 2353 2596 4402 2.243352174758911
0 2647 1582 4255 2.2415125370025635
1013 2059 2596 3666 2.2414472103118896
0 1029 2017 3078 2.2409908771514893
0 2794 1727 4549 2.2401020526885986
0 735 1727 2490 2.239926815032959
434 1765 2017 3372 2.2360591888427734
579 2941 2161 4549 2.23516583442688
144 147 1727 1754 2.2347075939178467
144 882 1727 2490 2.2336745262145996
289 1765 2017 3519 2.229280471801758
144 2353 1872 4108 2.227689027786255
0 2647 1872 4549 2.227569341659546
724 588 2596 2490 2.227242946624756
0 1618 2017 3666 2.222846269607544
144 2353 1727 3961 2.222630500793457
579 2647 2306 4402 2.2181434631347656
724 147 2451 1901 2.216712236404419
289 1618 2017 3372 2.215057849884033
724 2206 2451 3961 2.2133431434631348
144 0 2017 1901 2.2127459049224854
0 2353 1727 4108 2.212263822555542
289 2206 1872 3813 2.2111165523529053
579 2500 2596 4549 2.2103190422058105
868 1176 2451 2784 2.209524154663086
0 147 1872 2048 2.206766366958618
0 2941 1582 4549 2.2065012454986572
724 2206 2596 4108 2.2017266750335693
0 147 1727 1901 2.200921058654785
0 882 1582 2490 2.1983628273010254
579 2794 2306 4549 2.194577217102051
724 2353 2306 3961 2.193054437637329
0 2353 1872 4255 2.1925313472747803
144 0 1872 1754 2.1921560764312744
868 2206 2451 3813 2.186455249786377
144 1618 2017 3519 2.1847105026245117
724 2500 2306 4108 2.1819112300872803
0 2353 1582 3961 2.173987627029419
0 147 1582 1754 2.1685752868652344
0 735 1872 2637 2.166233777999878
0 0 2161 2195 2.165294647216797
0 0 2017 2048 2.162362575531006
868 1176 2596 2931 2.1620919704437256
144 882 1872 2637 2.161745309829712
144 2206 1872 3961 2.1540677547454834
1013 1323 2596 2931 2.1467621326446533
724 2353 2451 4108 2.145753860473633
0 2206 1872 4108 2.1449928283691406
144 2206 1727 3813 2.1443734169006348
1013 2206 2596 3813 2.1427464485168457
868 2206 2596 3961 2.1403748989105225
289 1176 1872 2784 2.1397809982299805
724 2500 2451 4255 2.1372458934783936
0 2206 1727 3961 2.1334168910980225
579 2647 2451 4549 2.132136821746826
0 882 1727 2637 2.1296818256378174
724 0 2306 1607 2.1276445388793945
289 1323 1872 2931 2.1272759437561035
144 0 1727 1607 2.1265077590942383
724 2353 2596 4255 2.126011848449707
289 2059 1872 3666 2.1257169246673584
289 1029 1872 2637 2.1246111392974854
724 2500 2596 4402 2.1136598587036133
0 2206 1582 3813 2.1106650829315186
0 1029 1582 2637 2.1074271202087402
724 0 2451 1754 2.1021409034729004
868 882 2596 2637 2.101602792739868
0 1176 1582 2784 2.100733757019043
724 2794 2306 4402 2.1006710529327393
724 2647 2306 4255 2.099655866622925
289 1470 1872 3078 2.095524787902832
868 1029 2451 2637 2.087451219558716
144 2059 1872 3813 2.0864062309265137
868 441 2451 2048 2.083550214767456
144 1029 1727 2637 2.083061456680298
0 0 1727 1754 2.081045627593994
0 882 1872 2784 2.0802931785583496
0 0 1872 1901 2.079965114593506
868 1029 2596 2784 2.0785837173461914
868 588 2451 2195 2.072772979736328
0 2059 1872 3961 2.0698180198669434
144 1176 1872 2931 2.0674002170562744
0 2059 1727 3813 2.0671472549438477
144 1176 1727 2784 2.065089702606201
724 0 2596 1901 2.063109874725342
144 1323 1872 3078 2.063070774078369
144 1029 1872 2784 2.0626654624938965
868 2353 2451 3961 2.057070255279541
0 1323 1582 2931 2.050382614135742
144 2059 1727 3666 2.0502707958221436
0 2059 1582 3666 2.0375325679779053
0 1029 1727 2784 2.035914897918701
868 2353 2596 4108 2.029362916946411
868 735 2451 2342 2.0273184776306152
0 1176 1872 3078 2.025061845779419
0 0 1582 1607 2.0231924057006836
0 1176 1727 2931 2.0226829051971436
144 1323 1727 2931 2.022103786468506
0 1912 1872 3813 2.020297050476074
144 1912 1872 3666 2.020263433456421
0 1470 1582 3078 2.019611358642578
724 2941 2306 4549 2.0163686275482178
144 1470 1872 3225 2.0145211219787598
868 441 2596 2195 2.013367176055908
0 1323 1727 3078 2.01059889793396
868 294 2596 2048 2.006129503250122
0 1029 1872 2931 2.000828742980957
868 882 2451 2490 1.999001145362854
724 2647 2451 4402 1.9987436532974243
144 1470 1727 3078 1.9958937168121338
0 1912 1727 3666 1.9946070909500122
868 2500 2451 4108 1.9945714473724365
0 1323 1872 3225 1.9936085939407349
868 2500 2596 4255 1.992866039276123
868 294 2451 1901 1.991709589958191
1013 1176 2596 2784 1.9884464740753174
868 588 2596 2342 1.98569655418396
868 735 2596 2490 1.9850661754608154
1013 2353 2596 3961 1.9834281206130981
0 1470 1872 3372 1.9822169542312622
289 1912 1872 3519 1.9746215343475342
0 1765 1872 3666 1.972617506980896
724 2794 2451 4549 1.9671367406845093
0 1470 1727 3225 1.966689109802246
724 2647 2596 4549 1.9656985998153687
868 147 2451 1754 1.9560813903808594
289 1618 1872 3225 1.9463748931884766
289 1765 1872 3372 1.9335322380065918
868 147 2596 1901 1.9248631000518799
144 1765 1872 3519 1.9079939126968384
1013 2500 2596 4108 1.9046913385391235
0 1912 1582 3519 1.9041364192962646
144 1912 1727 3519 1.9026236534118652
144 1618 1872 3372 1.8954541683197021
868 2794 2451 4402 1.8930737972259521
868 2647 2596 4402 1.8894586563110352
868 2647 2451 4255 1.888434886932373
0 1618 1582 3225 1.8806606531143188
0 1618 1872 3519 1.8801233768463135
0 1765 1727 3519 1.878116250038147
0 1765 1582 3372 1.8683879375457764
1013 1029 2596 2637 1.8639003038406372
0 1618 1727 3372 1.8599063158035278
868 0 2451 1607 1.8586106300354004
144 1618 1727 3225 1.8567744493484497
144 1765 1727 3372 1.8537698984146118
868 2794 2596 4549 1.8417963981628418
868 0 2596 1754 1.8357545137405396
868 2941 2451 4549 1.8066387176513672
1013 882 2596 2490 1.8065102100372314
1013 441 2596 2048 1.8004882335662842
1013 588 2596 2195 1.7978496551513672
1013 735 2596 2342 1.7930400371551514
1013 2647 2596 4255 1.7897803783416748
1013 2794 2596 4402 1.787367820739746
1013 294 2596 1901 1.7372344732284546
1013 147 2596 1754 1.736308217048645
1013 2941 2596 4549 1.7104398012161255
1013 0 2596 1607 1.6442674398422241
