202 811 4244 4853 3.5279319286346436
202 1014 4244 5056 3.4764633178710938
405 1014 4244 4853 3.439021110534668
202 1217 4244 5259 3.4273483753204346
405 1217 4244 5056 3.3974616527557373
202 1014 4041 4853 3.3404147624969482
405 1217 4041 4853 3.2995426654815674
202 1217 4041 5056 3.2822506427764893
0 811 4041 4853 3.2784509658813477
0 1014 4041 5056 3.2717435359954834
202 1217 3838 4853 3.2590060234069824
405 2029 4244 5868 3.2239701747894287
0 1217 4041 5259 3.219414234161377
202 1420 4244 5462 3.2103402614593506
405 1826 4244 5665 3.2072978019714355
202 2029 4244 6071 3.202331304550171
405 1826 3838 5259 3.1995036602020264
405 1420 4244 5259 3.1972014904022217
405 1420 4041 5056 3.196995496749878
405 1826 4041 5462 3.1914942264556885
405 2029 3838 5462 3.1914525032043457
202 1420 4041 5259 3.1874523162841797
0 1014 3838 4853 3.187325954437256
405 1420 3838 4853 3.1798477172851562
405 811 4244 4650 3.177734851837158
405 1014 4041 4650 3.177516222000122
202 1826 4244 5868 3.1760058403015137
202 608 4244 4650 3.174567699432373
405 1623 3838 5056 3.1718618869781494
405 1623 4041 5259 3.1695244312286377
405 2029 4041 5665 3.1652791500091553
202 1420 3838 5056 3.1576039791107178
405 1623 4244 5462 3.1529271602630615
202 811 4041 4650 3.149632215499878
405 1826 3635 5056 3.147148370742798
405 2029 3635 5259 3.145786762237549
405 1014 3838 4447 3.145252227783203
405 1217 3838 4650 3.1429922580718994
202 1623 4244 5665 3.141540765762329
202 1826 3838 5462 3.1398377418518066
202 1014 3838 4650 3.135369300842285
0 1217 3838 5056 3.135324716567993
608 1217 4244 4853 3.131458282470703
202 1623 3838 5259 3.125943660736084
405 1623 3635 4853 3.1219680309295654
405 811 4041 4447 3.121368885040283
202 1623 4041 5462 3.1187899112701416
202 2029 4041 5868 3.1174042224884033
202 2029 3838 5665 3.115344762802124
202 1826 4041 5665 3.1141176223754883
0 1420 4041 5462 3.10746169090271
202 811 3838 4447 3.1061809062957764
608 2029 3838 5259 3.1042425632476807
608 1826 3838 5056 3.103567123413086
608 2029 4244 5665 3.097076416015625
405 1217 3635 4447 3.0927278995513916
608 1826 3635 4853 3.0914220809936523
405 811 3838 4244 3.0881590843200684
608 1623 3838 4853 3.086509943008423
608 2029 3635 5056 3.0801584720611572
608 1420 4041 4853 3.0743248462677
405 608 4244 4447 3.071674346923828
608 2029 4041 5462 3.063371181488037
405 1014 3635 4244 3.058716058731079
608 1420 4244 5056 3.058215379714966
202 1420 3635 4853 3.0576283931732178
608 1826 4041 5259 3.0535221099853516
202 1826 3635 5259 3.0527946949005127
202 2029 3635 5462 3.0507466793060303
202 405 4244 4447 3.049617052078247
0 1420 3838 5259 3.0454390048980713
608 1014 4041 4447 3.0453522205352783
608 1623 4041 5056 3.042870044708252
202 608 4041 4447 3.0423104763031006
608 1826 4244 5462 3.0355935096740723
0 1217 3635 4853 3.0305676460266113
0 1826 4041 5868 3.0296127796173096
811 1826 3838 4853 3.0293827056884766
202 1623 3635 5056 3.027468204498291
608 1217 3838 4447 3.0240001678466797
405 608 4041 4244 3.0203304290771484
608 811 4041 4244 3.0185277462005615
0 608 4041 4650 3.0157299041748047
202 1014 3635 4447 3.015326499938965
0 811 3838 4650 3.0147719383239746
0 1623 4041 5665 3.014486789703369
202 1217 3635 4650 3.0137088298797607
608 1623 4244 5259 3.012941598892212
608 1217 4041 4650 3.012908458709717
811 2029 3838 5056 3.0126953125
0 2029 4041 6071 3.0114357471466064
608 1014 3838 4244 3.0110931396484375
811 2029 3635 4853 3.006600856781006
0 1623 3838 5462 3.000281572341919
0 2029 3838 5868 2.9961605072021484
0 1826 3838 5665 2.994279623031616
405 1420 3635 4650 2.9907901287078857
608 1014 4244 4650 2.989572048187256
405 405 4244 4244 2.9891843795776367
608 811 4244 4447 2.9867515563964844
202 811 3635 4244 2.9781203269958496
202 608 3838 4244 2.9749324321746826
202 202 4244 4244 2.970015525817871
608 1217 3635 4244 2.9681122303009033
811 2029 4041 5259 2.9609386920928955
811 1826 4041 5056 2.959534168243408
811 1623 4041 4853 2.9586806297302246
405 2232 3838 5665 2.945488929748535
405 2232 4041 5868 2.940274477005005
202 405 4041 4244 2.9376308917999268
0 1420 3635 5056 2.936864137649536
0 608 3838 4447 2.931290626525879
0 405 4041 4447 2.9288296699523926
0 811 3635 4447 2.9192211627960205
405 2232 4244 6071 2.918889045715332
608 608 4244 4244 2.917989492416382
0 1014 3635 4650 2.9165117740631104
405 2232 3635 5462 2.915970802307129
0 1623 3635 5259 2.913282632827759
0 2029 3635 5665 2.9118998050689697
608 1420 3838 4650 2.9061319828033447
608 1623 3635 4650 2.905327796936035
0 1826 3635 5462 2.905062437057495
811 1217 3838 4244 2.9044408798217773
608 2232 3838 5462 2.901944875717163
811 2029 4244 5462 2.9007186889648438
405 1826 3432 4853 2.8961308002471924
608 2435 3838 5665 2.8928027153015137
405 2435 3838 5868 2.8920834064483643
811 1420 4244 4853 2.88979172706604
405 2029 3229 4853 2.8886892795562744
405 2029 3432 5056 2.8867173194885254
811 1826 4244 5259 2.8865725994110107
811 1014 4041 4244 2.8858931064605713
811 1217 4041 4447 2.8793981075286865
608 1420 3635 4447 2.8776426315307617
608 2232 4041 5665 2.8768422603607178
405 2435 4041 6071 2.8757760524749756
202 2232 3838 5868 2.8750414848327637
405 2435 3635 5665 2.871635913848877
405 2435 4244 6274 2.8663270473480225
811 1623 4244 5056 2.8646299839019775
608 2029 3432 4853 2.8645167350769043
202 2232 4041 6071 2.8635106086730957
608 2232 3635 5259 2.863391876220703
0 405 3838 4244 2.8622987270355225
608 2232 4244 5868 2.8571391105651855
0 202 4041 4244 2.8570051193237305
608 2435 4041 5868 2.855232000350952
608 2638 3838 5868 2.8539209365844727
202 2232 4244 6274 2.851341962814331
608 2435 3635 5462 2.847829818725586
811 1826 3635 4650 2.845306873321533
405 2638 3838 6071 2.843812942504883
0 608 3635 4244 2.8396353721618652
811 1014 4244 4447 2.8379902839660645
811 811 4244 4244 2.8334147930145264
202 2232 3635 5665 2.8311004638671875
811 1623 3838 4650 2.828568935394287
405 811 3635 4041 2.8283417224884033
811 2232 3838 5259 2.8235738277435303
608 2638 3635 5665 2.822389602661133
608 2435 4244 6071 2.820007562637329
608 2638 4041 6071 2.8199100494384766
405 1826 3229 4650 2.8184447288513184
811 1623 3635 4447 2.81789493560791
405 2638 3635 5868 2.8164823055267334
811 2435 3838 5462 2.816467523574829
202 1826 3432 5056 2.8133385181427
405 1217 3432 4244 2.808776617050171
811 1217 4244 4650 2.8086142539978027
811 1420 3838 4447 2.8085145950317383
811 2638 3838 5665 2.8083503246307373
405 608 3838 4041 2.807079315185547
202 2029 3432 5259 2.8040406703948975
608 811 3838 4041 2.800145149230957
202 1623 3432 4853 2.7994823455810547
405 1420 3432 4447 2.798051357269287
202 1826 3229 4853 2.7977306842803955
405 1623 3229 4447 2.7966296672821045
202 2435 3838 6071 2.79526948928833
405 2638 4041 6274 2.791924476623535
405 1623 3432 4650 2.7909488677978516
811 2435 4041 5665 2.7899584770202637
811 2232 4041 5462 2.785064458847046
811 1420 4041 4650 2.783280372619629
811 2232 3635 5056 2.781564712524414
811 2638 4041 5868 2.7800562381744385
608 1826 3229 4447 2.779927968978882
811 2435 3635 5259 2.7797625064849854
405 1420 3229 4244 2.7796576023101807
608 1826 3432 4650 2.776062250137329
811 1420 3635 4244 2.7758657932281494
608 1014 3635 4041 2.7743287086486816
811 2638 3635 5462 2.773588180541992
202 2029 3229 5056 2.768937110900879
202 2435 3635 5868 2.763930320739746
608 811 3635 3838 2.757563829421997
608 2638 4244 6274 2.7565457820892334
608 2029 3229 4650 2.756089687347412
811 2435 4244 5868 2.752211809158325
202 1217 3432 4447 2.7508933544158936
202 2435 4041 6274 2.7467477321624756
608 608 4041 4041 2.7463901042938232
811 2232 4244 5665 2.74517822265625
405 405 4041 4041 2.743699550628662
608 1623 3432 4447 2.7425432205200195
0 2232 3838 6071 2.74242901802063
405 202 4244 4041 2.742091417312622
811 2638 4244 6071 2.7385432720184326
0 1420 3432 4853 2.736410140991211
608 1623 3229 4244 2.7339515686035156
202 1014 3432 4244 2.729602575302124
405 405 3838 3838 2.7273612022399902
608 608 3838 3838 2.726618528366089
405 608 3635 3838 2.7225964069366455
811 1014 3838 4041 2.718705177307129
202 1420 3432 4650 2.717097282409668
608 1420 3432 4244 2.7144482135772705
608 405 4244 4041 2.7099123001098633
202 405 3838 4041 2.7087032794952393
0 1623 3432 5056 2.7078778743743896
811 811 3838 3838 2.707132577896118
202 2638 3635 6071 2.7032926082611084
202 2638 3838 6274 2.703127861022949
608 608 3635 3635 2.702651023864746
811 811 4041 4041 2.7012939453125
405 202 4041 3838 2.7003273963928223
202 1217 3229 4244 2.700058698654175
0 1826 3432 5259 2.6995491981506348
405 2232 3432 5259 2.696620464324951
811 811 3635 3635 2.6942882537841797
0 1623 3229 4853 2.693641424179077
811 1826 3432 4447 2.6935017108917236
202 1420 3229 4447 2.693419933319092
202 608 3635 4041 2.6907260417938232
202 1623 3229 4650 2.6887102127075195
0 1826 3229 5056 2.687495708465576
0 2232 3635 5868 2.6868908405303955
0 2232 4041 6274 2.68638277053833
405 202 3838 3635 2.683750629425049
811 1014 3635 3838 2.6818435192108154
202 202 4041 4041 2.68172287940979
405 2232 3229 5056 2.6814279556274414
0 1014 3432 4447 2.681213140487671
0 1217 3432 4650 2.680847406387329
811 1217 3635 4041 2.6767356395721436
608 2841 3838 6071 2.6748311519622803
405 2435 3432 5462 2.673248767852783
0 2029 3432 5462 2.6720311641693115
608 202 4244 3838 2.671663284301758
811 2029 3432 4650 2.670553684234619
405 0 4244 3838 2.668700933456421
608 405 3838 3635 2.664799213409424
608 405 4041 3838 2.6644554138183594
811 1826 3229 4244 2.659370183944702
405 2435 3229 5259 2.658651113510132
405 405 3635 3635 2.6564908027648926
608 2232 3432 5056 2.656297445297241
0 811 3432 4244 2.6559255123138428
0 2029 3229 5259 2.6554155349731445
608 202 4041 3635 2.6488261222839355
608 2435 3432 5259 2.64475417137146
202 0 4244 4041 2.64274525642395
811 1623 3432 4244 2.641719102859497
202 202 3838 3838 2.641331672668457
405 2638 3432 5665 2.6406965255737305
0 2435 3838 6274 2.637935161590576
608 2232 3229 4853 2.6377036571502686
811 2029 3229 4447 2.6363208293914795
608 2841 3635 5868 2.635660409927368
0 1217 3229 4447 2.6351606845855713
202 405 3635 3838 2.6323182582855225
0 2435 3635 6071 2.6317648887634277
405 2841 3635 6071 2.631196975708008
811 2841 4041 6071 2.6304118633270264
608 2638 3432 5462 2.6300864219665527
811 2841 3838 5868 2.626239776611328
405 0 4041 3635 2.6209096908569336
0 202 3838 4041 2.620661497116089
405 1014 3432 4041 2.6204631328582764
405 2638 3229 5462 2.6198854446411133
1014 2029 3838 4853 2.618875741958618
202 2232 3432 5462 2.617380380630493
608 2841 4041 6274 2.61629581451416
0 1014 3229 4244 2.613067388534546
0 1420 3229 4650 2.6110477447509766
811 2232 3432 4853 2.6108338832855225
811 2841 3635 5665 2.606299638748169
0 405 3635 4041 2.606140613555908
405 1217 3229 4041 2.6042463779449463
405 2841 3838 6274 2.6040756702423096
608 2435 3229 5056 2.602203845977783
811 608 3838 3635 2.599203109741211
811 608 4244 4041 2.5966570377349854
202 2435 3432 5665 2.596198797225952
608 2638 3229 5259 2.5940139293670654
811 2638 3432 5259 2.5918915271759033
608 1217 3432 4041 2.5896100997924805
811 608 4041 3838 2.5891904830932617
202 202 3635 3635 2.588771104812622
811 2435 3432 5056 2.586705207824707
202 0 4041 3838 2.5859198570251465
608 0 4244 3635 2.585387706756592
202 2232 3229 5259 2.5742862224578857
0 202 3635 3838 2.574167013168335
608 3044 3635 6071 2.5700631141662598
811 3044 3838 6071 2.565265417098999
0 0 4041 4041 2.561382293701172
405 811 3432 3838 2.5610179901123047
1014 1826 4041 4853 2.5598604679107666
811 2841 4244 6274 2.5565428733825684
202 2638 3432 5868 2.5555360317230225
0 2638 3635 6274 2.5555272102355957
608 1014 3432 3838 2.5523977279663086
1014 2029 4041 5056 2.5521481037139893
811 405 4244 3838 2.549292802810669
405 2029 2823 4447 2.548936128616333
202 811 3432 4041 2.548656463623047
202 2435 3229 5462 2.5467686653137207
405 1826 2823 4244 2.5463767051696777
202 0 3838 3635 2.545501232147217
811 2638 3229 5056 2.5451607704162598
405 1826 3026 4447 2.5437886714935303
405 1014 3229 3838 2.538977861404419
811 202 4244 3635 2.5362911224365234
405 2029 3026 4650 2.5329535007476807
608 3044 3838 6274 2.532233476638794
1014 1826 3635 4447 2.5319766998291016
608 1420 3229 4041 2.5313899517059326
811 2435 3229 4853 2.5312552452087402
1014 1623 4244 4853 2.530852794647217
811 3044 3635 5868 2.5302319526672363
0 0 3838 3838 2.5274837017059326
1014 2029 4244 5259 2.5238990783691406
811 405 4041 3635 2.522759199142456
608 1217 3229 3838 2.5227155685424805
1014 2029 3635 4650 2.521188259124756
202 2638 3229 5665 2.5184738636016846
1014 1217 4041 4244 2.5154261589050293
1014 1826 4244 5056 2.5148651599884033
608 1826 3026 4244 2.512613296508789
608 811 3432 3635 2.510307788848877
811 3044 4041 6274 2.509477138519287
202 1014 3229 4041 2.509445905685425
405 1623 3026 4244 2.5077965259552
608 2029 3026 4447 2.506748676300049
0 0 3635 3635 2.5007572174072266
405 3044 3635 6274 2.5000076293945312
1014 1826 3838 4650 2.4964616298675537
1014 1623 3635 4244 2.4960429668426514
405 608 3432 3635 2.493727684020996
0 2232 3432 5665 2.4924542903900146
811 1014 3432 3635 2.491393566131592
202 2841 3635 6274 2.4909539222717285
811 1217 3432 3838 2.479365110397339
608 2841 3432 5665 2.477388620376587
1014 1014 4244 4244 2.4772233963012695
608 405 3635 3433 2.476161241531372
1014 1623 3838 4447 2.475245714187622
405 811 3229 3635 2.4740686416625977
1014 1217 4244 4447 2.473271608352661
608 1014 3229 3635 2.4713237285614014
202 608 3432 3838 2.469942569732666
0 2435 3432 5868 2.4644696712493896
1014 2232 3635 4853 2.4643664360046387
608 202 3838 3433 2.463317632675171
811 608 3635 3433 2.46195387840271
1014 1420 3838 4244 2.4618473052978516
811 1420 3432 4041 2.4617226123809814
1014 2638 3635 5259 2.460092067718506
1217 2029 3635 4447 2.459601879119873
0 2232 3229 5462 2.458937644958496
0 608 3432 4041 2.455324411392212
1217 2029 4041 4853 2.454291820526123
1014 1014 3635 3635 2.454110860824585
1014 2638 3838 5462 2.453885316848755
405 2841 3432 5868 2.4536619186401367
202 2029 3026 4853 2.451836347579956
405 202 3635 3433 2.4516868591308594
811 3247 3635 6071 2.4504051208496094
1217 1826 3635 4244 2.4503097534179688
811 2232 3229 4650 2.4494996070861816
202 811 3229 3838 2.4487342834472656
811 1623 3229 4041 2.4460134506225586
1014 2435 3838 5259 2.4447338581085205
1014 1014 3838 3838 2.4433670043945312
1014 2232 3838 5056 2.4417531490325928
811 2841 3432 5462 2.44174861907959
202 1826 3026 4650 2.4413537979125977
0 2638 3432 6071 2.4411234855651855
1014 2435 3635 5056 2.440823793411255
202 1826 2823 4447 2.440209150314331
1014 811 3838 3635 2.4393508434295654
608 3247 3635 6274 2.4390547275543213
1014 1623 4041 4650 2.439051389694214
1014 1420 4041 4447 2.4368319511413574
608 202 3635 3230 2.4365792274475098
405 2841 3229 5665 2.4328227043151855
1014 1217 3838 4041 2.431881904602051
405 0 3838 3433 2.43074893951416
202 405 3432 3635 2.4306461811065674
202 2029 2823 4650 2.4305171966552734
1014 2638 4041 5665 2.42920184135437
811 3247 3838 6274 2.4268534183502197
405 2232 3026 4853 2.4264116287231445
608 2841 3229 5462 2.4251556396484375
0 2435 3229 5665 2.4238502979278564
202 1623 3026 4447 2.422996759414673
1014 2435 4041 5462 2.4219231605529785
1014 2638 4244 5868 2.42177414894104
1014 1826 3432 4244 2.421743631362915
608 0 4041 3433 2.4217324256896973
0 405 3432 3838 2.419598340988159
1014 1217 3635 3838 2.4195616245269775
1014 1420 4244 4650 2.4161596298217773
1217 2029 3838 4650 2.4160165786743164
1217 1826 3838 4447 2.415306568145752
1014 1014 4041 4041 2.4152638912200928
0 811 3229 4041 2.4137418270111084
1014 811 4041 3838 2.4118175506591797
405 2435 2823 4853 2.4113004207611084
202 1623 2823 4244 2.4105679988861084
1014 2029 3432 4447 2.409816265106201
0 2638 3229 5868 2.408189296722412
811 1217 3229 3635 2.4071762561798096
1014 2435 4244 5665 2.4071078300476074
811 405 3635 3230 2.405991792678833
1014 2232 4041 5259 2.405083417892456
608 3044 3432 5868 2.404249668121338
405 2435 3026 5056 2.404045820236206
202 1420 3026 4244 2.4003007411956787
811 405 3838 3433 2.3995296955108643
1217 1826 4244 4853 2.398128032684326
405 2638 2823 5056 2.3965344429016113
811 2841 3229 5259 2.3945088386535645
811 202 4041 3433 2.393605947494507
1217 2029 4244 5056 2.3903257846832275
202 2841 3432 6071 2.3897736072540283
1217 1623 3838 4244 2.3871054649353027
608 2435 3026 4853 2.3870434761047363
811 1420 3229 3838 2.3865208625793457
405 0 3635 3230 2.385706663131714
405 2638 3026 5259 2.385099411010742
1217 2638 3635 5056 2.383744716644287
608 0 3838 3230 2.3835506439208984
0 202 3432 3635 2.382922887802124
405 1623 2823 4041 2.382600784301758
811 202 3635 3027 2.382594347000122
405 2232 2823 4650 2.382359743118286
1014 2232 4244 5462 2.3820056915283203
1217 2435 3635 4853 2.381281614303589
811 202 3838 3230 2.3795087337493896
608 2638 3026 5056 2.3783867359161377
405 3044 3432 6071 2.376366376876831
1014 811 4244 4041 2.3754665851593018
1014 2841 4041 5868 2.3749022483825684
202 608 3229 3635 2.374268054962158
811 3449 3635 6274 2.3734982013702393
608 0 3635 3027 2.3734779357910156
202 2029 2621 4447 2.3732361793518066
811 3044 3432 5665 2.3728554248809814
1217 2232 3838 4853 2.372758150100708
0 1826 3026 4853 2.3704872131347656
1014 2841 3635 5462 2.3694159984588623
1217 2638 3838 5259 2.3669545650482178
1014 2841 3838 5665 2.3654420375823975
1014 811 3635 3433 2.3629567623138428
1217 1014 3838 3635 2.3626134395599365
1217 1826 4041 4650 2.3623993396759033
202 1826 2621 4244 2.3621156215667725
1217 1623 4041 4447 2.360509157180786
202 2841 3229 5868 2.3600640296936035
1217 2435 3838 5056 2.3579351902008057
405 3044 3229 5868 2.3578062057495117
608 2232 3026 4650 2.356997013092041
1217 1217 4244 4244 2.3558027744293213
1217 1420 4041 4244 2.352449893951416
405 1420 3026 4041 2.3502919673919678
608 3044 3229 5665 2.348598003387451
0 608 3229 3838 2.346575975418091
1014 2841 4244 6071 2.3437771797180176
0 2029 2823 4853 2.3429393768310547
0 2029 3026 5056 2.342834234237671
608 1623 3026 4041 2.342761278152466
1014 1420 3635 4041 2.342747688293457
1217 2638 4041 5462 2.3415606021881104
1014 3044 4041 6071 2.3391273021698
1014 608 4041 3635 2.338010787963867
811 811 3432 3433 2.3373725414276123
608 608 3432 3433 2.3321545124053955
811 0 4244 3433 2.3293092250823975
1014 2638 3432 5056 2.329251766204834
1014 2435 3432 4853 2.3263866901397705
1217 1420 4244 4447 2.326362133026123
1217 2435 4041 5259 2.3263204097747803
202 0 3635 3433 2.325692653656006
0 1623 3026 4650 2.3252172470092773
1217 1014 4041 3838 2.3238322734832764
1014 3044 3838 5868 2.322786569595337
0 1826 2823 4650 2.3224668502807617
608 3247 3432 6071 2.321796417236328
811 0 4041 3230 2.321260929107666
1217 1217 3635 3635 2.321014404296875
0 1420 3026 4447 2.3203749656677246
0 1217 3026 4244 2.3189659118652344
1217 1217 4041 4041 2.3185818195343018
202 2232 2823 4853 2.3183608055114746
1217 1217 3838 3838 2.3182260990142822
1014 405 3635 3027 2.31746244430542
811 3044 3229 5462 2.3174400329589844
1217 1623 4244 4650 2.317356586456299
1217 2232 4041 5056 2.3154823780059814
1014 3044 3635 5665 2.315112590789795
1217 811 3635 3230 2.3147904872894287
202 3044 3229 6071 2.31327486038208
405 1217 3026 3838 2.313190221786499
1217 811 4041 3635 2.3113415241241455
202 2232 3026 5056 2.3095314502716064
1014 608 3635 3230 2.3093769550323486
0 405 3229 3635 2.3074517250061035
1014 608 4244 3838 2.302992105484009
405 405 3432 3433 2.30163311958313
811 0 3635 2824 2.30031418800354
1014 608 3838 3433 2.2968642711639404
811 3247 3432 5868 2.296842575073242
405 1420 2823 3838 2.2948665618896484
1014 202 3838 3027 2.2936739921569824
202 3044 3432 6274 2.2932937145233154
1014 1217 3432 3635 2.2929420471191406
202 2435 2823 5056 2.2903380393981934
1217 2232 3635 4650 2.2900021076202393
202 1217 3026 4041 2.289912700653076
811 0 3838 3027 2.289626121520996
0 1623 2823 4447 2.289264440536499
1217 2841 3635 5259 2.2889139652252197
1014 405 4244 3635 2.288599729537964
1217 2435 4244 5462 2.287679433822632
608 405 3432 3230 2.2870452404022217
1217 2841 3838 5462 2.2862868309020996
202 2435 3026 5259 2.285778522491455
608 2841 3026 5259 2.2849321365356445
1217 405 3838 3027 2.2802865505218506
1217 608 3635 3027 2.2801523208618164
1217 405 3635 2824 2.2791943550109863
1014 3247 3838 6071 2.2789180278778076
1420 608 3838 3027 2.2787303924560547
1217 2638 4244 5665 2.278510570526123
1420 405 3838 2824 2.2774486541748047
1217 2232 4244 5259 2.276764154434204
1217 811 4244 3838 2.2766263484954834
1217 811 3838 3433 2.2764370441436768
405 2841 3026 5462 2.2756121158599854
1420 2029 3838 4447 2.2745418548583984
608 811 3229 3433 2.2741198539733887
405 608 3229 3433 2.2736656665802
1217 1014 4244 4041 2.273578643798828
608 1420 3026 3838 2.269515037536621
811 608 3432 3230 2.2692818641662598
811 3449 3432 6071 2.268494129180908
1420 811 3838 3230 2.267345428466797
1014 202 4041 3230 2.267268419265747
405 2841 2823 5259 2.2672603130340576
608 3247 3229 5868 2.2666709423065186
405 202 3432 3230 2.2664225101470947
811 405 3432 3027 2.265367031097412
405 3247 3229 6071 2.262974977493286
0 2841 3229 6071 2.262791156768799
1014 1623 3432 4041 2.261336088180542
1014 202 3635 2824 2.2608773708343506
1014 405 3838 3230 2.2602522373199463
1014 3044 4244 6274 2.258469820022583
1217 202 3838 2824 2.257763147354126
1217 1014 3635 3433 2.2577149868011475
608 1217 3026 3635 2.2573251724243164
1420 1826 3838 4244 2.2564609050750732
1217 1623 3635 4041 2.256425380706787
1217 2841 4041 5665 2.2563984394073486
608 202 3432 3027 2.2561309337615967
202 202 3432 3433 2.2553088665008545
202 2638 2823 5259 2.2552592754364014
1014 3247 3635 5868 2.2525815963745117
811 1014 3229 3433 2.2521162033081055
405 1217 2823 3635 2.2501752376556396
202 2638 3026 5462 2.2501635551452637
405 1014 3026 3635 2.249556303024292
0 2841 3432 6274 2.249516248703003
202 1420 2823 4041 2.2493762969970703
1014 2232 3432 4650 2.2486190795898438
0 1420 2823 4244 2.247885227203369
1014 3247 4041 6274 2.2473249435424805
1217 608 3838 3230 2.247128963470459
1217 3044 3635 5462 2.2435505390167236
202 1623 2621 4041 2.2423603534698486
1217 202 4041 3027 2.2393620014190674
811 3247 3229 5665 2.2388627529144287
608 3449 3432 6274 2.238504409790039
405 3247 3432 6274 2.2375338077545166
1217 3044 3838 5665 2.2345633506774902
811 811 3229 3230 2.233203411102295
1014 202 4244 3433 2.232649326324463
608 608 3229 3230 2.2313358783721924
1217 1420 3838 4041 2.2306578159332275
405 405 3229 3230 2.229316473007202
1014 405 4041 3433 2.2275195121765137
1217 3044 4041 5868 2.22711443901062
1014 3449 3635 6071 2.2270889282226562
1420 2638 3838 5056 2.22658109664917
1420 2435 3838 4853 2.225125551223755
608 3449 3229 6071 2.224405288696289
405 202 3229 3027 2.2243242263793945
1014 3449 3838 6274 2.2231900691986084
202 2435 2621 4853 2.2230336666107178
202 1014 3026 3838 2.220543146133423
0 1826 2621 4447 2.2195067405700684
202 1217 2823 3838 2.21941876411438
1014 2841 3432 5259 2.219403028488159
1217 2841 4244 5868 2.2191531658172607
608 405 3229 3027 2.2188167572021484
1014 1420 3432 3838 2.218456268310547
1623 202 4244 2824 2.2181525230407715
202 2232 2621 4650 2.2175707817077637
811 202 3432 2824 2.2168221473693848
1014 0 4041 3027 2.2165279388427734
1014 811 3432 3230 2.214601755142212
1217 608 4244 3635 2.2145447731018066
202 2638 2621 5056 2.212956666946411
1014 0 3838 2824 2.212909460067749
1217 1420 3635 3838 2.2124040126800537
1420 202 4244 3027 2.212308645248413
202 3247 3229 6274 2.2121150493621826
0 2029 2621 4650 2.21064829826355
1420 202 3838 2621 2.2103192806243896
1420 1014 4041 3635 2.2102150917053223
1217 3449 3838 6071 2.210001230239868
1217 202 4244 3230 2.208669662475586
1420 2029 4244 4853 2.2085886001586914
1623 405 4041 2824 2.208057403564453
811 3449 3229 5868 2.205824851989746
1014 1014 3432 3433 2.2049992084503174
1623 2029 4041 4447 2.204411268234253
0 2232 3026 5259 2.204352617263794
1420 1217 3838 3635 2.2038440704345703
1217 3247 3838 5868 2.2026383876800537
405 0 3432 3027 2.2010412216186523
0 2232 2823 5056 2.200434684753418
608 3044 3026 5462 2.1997570991516113
202 405 3229 3433 2.199525833129883
1623 405 4244 3027 2.1992385387420654
1420 2029 4041 4650 2.197639226913452
1217 3044 4244 6071 2.196453332901001
1217 0 4041 2824 2.196258783340454
1420 1826 4041 4447 2.1959176063537598
1420 2841 3838 5259 2.1936864852905273
405 3449 3229 6274 2.1933557987213135
608 0 3432 2824 2.1903979778289795
1420 1014 3838 3433 2.1896259784698486
1623 202 4041 2621 2.188601493835449
1420 405 4041 3027 2.1885573863983154
1217 3247 4041 6071 2.1885061264038086
0 1623 2621 4244 2.18666934967041
202 202 3229 3230 2.185616970062256
405 3044 3026 5665 2.184441328048706
1623 2638 4041 5056 2.1827120780944824
811 608 3229 3027 2.182222604751587
608 202 3229 2824 2.1820268630981445
1217 608 4041 3433 2.1817433834075928
1014 608 3432 3027 2.1814842224121094
0 3044 3229 6274 2.178093433380127
202 0 3432 3230 2.177422285079956
1420 3044 3838 5462 2.177067518234253
0 2435 3026 5462 2.176919460296631
0 1014 3026 4041 2.175961494445801
0 2435 2823 5259 2.1756303310394287
1420 1217 4041 3838 2.175215721130371
1623 3044 4041 5462 2.175175189971924
1623 2435 4041 4853 2.174530029296875
1623 2841 4041 5259 2.1741316318511963
1420 2638 4041 5259 2.1731181144714355
1014 0 4244 3230 2.1715035438537598
1420 1623 4041 4244 2.171414375305176
405 3044 2823 5462 2.1713497638702393
1623 1826 4041 4244 2.171151638031006
1014 405 3432 2824 2.1710188388824463
1420 202 4041 2824 2.170942783355713
405 0 3229 2824 2.1703712940216064
1420 2232 4041 4853 2.170257091522217
1420 1014 4244 3838 2.1698830127716064
1623 608 4041 3027 2.1682589054107666
1826 405 4244 2824 2.1681694984436035
1217 3247 3635 5665 2.1663246154785156
1014 3044 3432 5462 2.1656126976013184
1217 3449 3635 5868 2.1643922328948975
202 2841 3026 5665 2.1624152660369873
202 1420 2621 3838 2.161959648132324
1217 202 3635 2621 2.1616404056549072
1420 2435 4041 5056 2.161057710647583
1420 2841 4041 5462 2.160550594329834
1217 405 4041 3230 2.1598007678985596
1420 811 4244 3635 2.157931089401245
1420 1217 4244 4041 2.1562607288360596
202 811 3026 3635 2.1549136638641357
202 1014 2823 3635 2.1532654762268066
1217 0 3838 2621 2.153090238571167
0 1826 2418 4244 2.1494405269622803
1420 0 3838 2418 2.1490395069122314
811 405 3229 2824 2.147564649581909
0 0 3432 3433 2.1472420692443848
1420 2232 3838 4650 2.1470723152160645
202 0 3229 3027 2.146780490875244
1623 2029 4244 4650 2.1458969116210938
0 202 3229 3433 2.145543336868286
1420 1826 4244 4650 2.145524263381958
0 2029 2418 4447 2.1430795192718506
1420 0 4244 2824 2.142749547958374
0 1217 2823 4041 2.1421408653259277
1826 202 4244 2621 2.14139986038208
0 2638 3026 5665 2.1412851810455322
1826 3044 4244 5462 2.14117431640625
1420 1623 4244 4447 2.1411192417144775
202 2841 2823 5462 2.14030385017395
1217 0 4244 3027 2.1402981281280518
1623 811 4041 3230 2.1382179260253906
1623 0 4244 2621 2.137568950653076
1420 608 4041 3230 2.137118101119995
1623 1826 4244 4447 2.136658191680908
1623 2841 4244 5462 2.1361083984375
1217 3449 4041 6274 2.1356706619262695
1217 405 4244 3433 2.134899377822876
1420 1420 4244 4244 2.134697675704956
1623 0 4041 2418 2.1345958709716797
1623 2638 4244 5259 2.133321523666382
1420 3449 3838 5868 2.133044958114624
0 2638 2823 5462 2.13059663772583
1014 0 3635 2621 2.127026081085205
1420 811 4041 3433 2.125701904296875
1420 2638 4244 5462 2.123983383178711
1420 0 4041 2621 2.1216986179351807
608 1014 3026 3433 2.1215410232543945
1420 2435 4244 5259 2.1199793815612793
202 3044 3026 5868 2.119229316711426
1217 3247 4244 6274 2.117421865463257
405 3247 3026 5868 2.117266893386841
1623 2435 4244 5056 2.116856336593628
1623 1014 4244 3635 2.1167895793914795
1826 2841 4244 5259 2.1165881156921387
1623 3449 4041 5868 2.1163697242736816
1420 3247 3838 5665 2.116025447845459
1623 2232 4244 4853 2.115405321121216
1623 1623 4244 4244 2.1151437759399414
1623 1217 4041 3635 2.1135425567626953
1420 2232 4244 5056 2.1124300956726074
1420 405 4244 3230 2.109771728515625
1217 3855 3635 6274 2.1080806255340576
608 3247 3026 5665 2.1078286170959473
1826 3449 4244 5868 2.1065313816070557
1826 608 4244 3027 2.104616403579712
202 1217 2621 3635 2.1044809818267822
1623 3247 4041 5665 2.102719306945801
0 811 3026 3838 2.1023504734039307
1420 3044 4041 5665 2.101594924926758
0 2232 2621 4853 2.1010208129882812
1420 3855 3838 6274 2.099709987640381
405 1014 2823 3433 2.099544048309326
1623 3449 4244 6071 2.09885573387146
1826 3247 4244 5665 2.0984513759613037
1014 3247 3432 5665 2.0973970890045166
1826 2638 4244 5056 2.0957484245300293
1420 1623 3838 4041 2.0949597358703613
1420 3449 4041 6071 2.0948030948638916
1623 3044 4244 5665 2.0945985317230225
405 811 3026 3433 2.092918872833252
1420 3247 4041 5868 2.0927724838256836
1623 2232 4041 4650 2.0926501750946045
1420 3652 3838 6071 2.0916903018951416
1623 3247 4244 5868 2.091449737548828
1826 2029 4244 4447 2.091153144836426
1014 3449 3432 5868 2.087674856185913
1217 0 3635 2418 2.0874717235565186
1623 608 4244 3230 2.0868923664093018
1623 1217 4244 3838 2.0861871242523193
1420 608 4244 3433 2.085904836654663
405 3449 3026 6071 2.0849428176879883
1420 2841 4244 5665 2.0825953483581543
811 3652 3432 6274 2.0821714401245117
0 1014 2823 3838 2.082029342651367
608 811 3026 3230 2.0800235271453857
1420 3044 4244 5868 2.078291177749634
1420 3247 4244 6071 2.077949047088623
0 2435 2621 5056 2.075869560241699
1826 1826 4244 4244 2.0751748085021973
1826 2435 4244 4853 2.0740511417388916
1217 3652 3838 6274 2.0722169876098633
1217 3652 3635 6071 2.072061777114868
608 3449 3026 5868 2.07193660736084
202 3247 3026 6071 2.0718445777893066
0 2841 3026 5868 2.0709588527679443
405 811 2823 3230 2.070878744125366
202 2841 2621 5259 2.070225954055786
1014 3652 3635 6274 2.0694117546081543
1623 1014 4041 3433 2.0675997734069824
405 3247 2823 5665 2.062742233276367
0 0 3229 3230 2.062349557876587
1623 811 4244 3433 2.0613853931427
202 3044 2823 5665 2.0609209537506104
0 1420 2621 4041 2.0606234073638916
811 3855 3229 6274 2.060451030731201
1014 202 3432 2621 2.06034779548645
1420 1420 3838 3838 2.0596861839294434
811 3652 3229 6071 2.058837652206421
1420 1420 4041 4041 2.0566420555114746
0 608 3026 3635 2.054734230041504
0 1623 2418 4041 2.054232597351074
0 2638 2621 5259 2.0499346256256104
1826 0 4244 2418 2.0467963218688965
1420 3449 4244 6274 2.046727180480957
1826 811 4244 3230 2.046661615371704
0 2841 2823 5665 2.0433173179626465
405 608 3026 3230 2.0398411750793457
1623 3855 4041 6274 2.0398035049438477
0 2232 2418 4650 2.0380613803863525
608 608 3026 3027 2.037122964859009
608 3652 3229 6274 2.0364270210266113
0 811 2823 3635 2.036045789718628
1623 3652 4041 6071 2.0357184410095215
811 0 3432 2621 2.035606622695923
0 3044 3026 6071 2.0353991985321045
405 405 3026 3027 2.0350866317749023
405 3449 2823 5868 2.034698009490967
608 0 3229 2621 2.032167911529541
1623 1623 4041 4041 2.031432628631592
405 608 2823 3027 2.0311672687530518
202 1014 2621 3433 2.0300912857055664
0 2435 2418 4853 2.027175188064575
1826 3652 4244 6071 2.026702642440796
1826 3855 4244 6274 2.0251247882843018
0 1217 2621 3838 2.0223183631896973
1014 3855 3432 6274 2.0219011306762695
202 811 2823 3433 2.0215044021606445
405 202 3026 2824 2.020148277282715
202 811 2621 3230 2.0201144218444824
405 405 2823 2824 2.017993927001953
202 3247 2823 5868 2.016230344772339
202 608 3026 3433 2.0135743618011475
1623 1420 4244 4041 2.013270378112793
608 405 3026 2824 2.0119736194610596
0 2638 2418 5056 2.0106265544891357
202 3449 3026 6274 2.010202646255493
202 405 2621 2824 2.008953094482422
202 202 3026 3027 2.008908748626709
1826 1217 4244 3635 2.007246971130371
202 202 2823 2824 2.0059869289398193
811 202 3229 2621 2.004762649536133
202 608 2621 3027 2.004700183868408
1826 2232 4244 4650 2.003382444381714
202 405 3026 3230 2.0032360553741455
1014 3652 3432 6071 2.0032098293304443
202 3449 2823 6071 2.003202199935913
1623 1420 4041 3838 2.0001392364501953
202 405 2823 3027 1.9988760948181152
0 3044 2823 5868 1.9980974197387695
0 1420 2418 3838 1.9960944652557373
202 608 2823 3230 1.9909330606460571
608 3652 3026 6071 1.9908430576324463
202 3044 2621 5462 1.9899795055389404
608 3855 3026 6274 1.9875524044036865
1014 0 3432 2418 1.9832439422607422
1623 3652 4244 6274 1.9822771549224854
0 1014 2621 3635 1.9786980152130127
1420 3652 4041 6274 1.9770140647888184
608 202 3026 2621 1.9734841585159302
405 202 2823 2621 1.9713780879974365
0 1217 2418 3635 1.958338975906372
202 0 3026 2824 1.9578425884246826
0 3247 2823 6071 1.9564008712768555
1826 1014 4244 3433 1.9539779424667358
0 3247 3026 6274 1.9484044313430786
405 3652 3026 6274 1.9472582340240479
1826 1623 4244 4041 1.9469044208526611
405 3652 2823 6071 1.9415695667266846
405 3855 2823 6274 1.9347935914993286
0 2841 2621 5462 1.9335347414016724
0 405 3026 3433 1.9316269159317017
202 202 2621 2621 1.9312127828598022
405 0 3026 2621 1.929932713508606
202 0 2823 2621 1.9229981899261475
0 202 3026 3230 1.9212702512741089
0 3449 2823 6274 1.9085667133331299
1826 1420 4244 3838 1.9033182859420776
0 811 2621 3433 1.901328206062317
202 3247 2621 5665 1.8987858295440674
0 2841 2418 5259 1.8986538648605347
811 0 3229 2418 1.8977205753326416
0 405 2823 3230 1.89493989944458
0 608 2823 3433 1.894888997077942
0 202 2823 3027 1.8943294286727905
608 0 3026 2418 1.8928239345550537
0 0 3026 3027 1.889121413230896
0 405 2621 3027 1.884279727935791
0 811 2418 3230 1.8822804689407349
0 405 2418 2824 1.8813612461090088
0 202 2621 2824 1.8788865804672241
0 1014 2418 3433 1.8783893585205078
0 608 2418 3027 1.8753005266189575
0 608 2621 3230 1.8751951456069946
405 0 2823 2418 1.870750069618225
0 3044 2621 5665 1.8697991371154785
202 3449 2621 5868 1.8611135482788086
202 3652 2823 6274 1.8601373434066772
202 0 2621 2418 1.8532145023345947
0 0 2823 2824 1.8474187850952148
0 3044 2418 5462 1.8365579843521118
0 3247 2621 5868 1.8107937574386597
202 3652 2621 6071 1.7981737852096558
0 202 2418 2621 1.792781114578247
202 3855 2621 6274 1.7909181118011475
0 3449 2621 6071 1.7844351530075073
0 0 2621 2621 1.7585325241088867
0 3247 2418 5665 1.7541580200195312
0 3449 2418 5868 1.7244758605957031
0 0 2418 2418 1.7076307535171509
0 3652 2621 6274 1.6938700675964355
0 3652 2418 6071 1.6431562900543213
0 3855 2418 6274 1.6172081232070923
